MutationType	Actinopteri__Ts only	Amphibia__Ts only	Aves__Ts only	Lepidosauria__Ts only	Mammalia__Ts only	Actinopteri__Ts & Tv	Amphibia__Ts & Tv	Aves__Ts & Tv	Lepidosauria__Ts & Tv	Mammalia__Ts & Tv
A[C>A]A	0	0	0	0	0	0	0	0	0	0
A[C>A]C	0	0	0	0	0	1	0	0	2	1
A[C>A]G	0	0	0	0	0	0	0	0	0	0
A[C>A]T	0	0	0	0	0	0	0	0	0	0
A[C>G]A	0	0	0	0	0	3	4	1	1	2
A[C>G]C	0	0	0	0	0	2	1	3	1	2
A[C>G]G	0	0	0	0	0	1	0	0	1	0
A[C>G]T	0	0	0	0	0	0	0	0	0	0
A[C>T]A	49	56	63	58	44	49	56	63	58	44
A[C>T]C	45	21	23	64	44	45	21	23	64	44
A[C>T]G	8	7	4	6	5	8	7	4	6	5
A[C>T]T	53	55	32	72	37	53	55	32	72	37
A[T>A]A	0	0	0	0	0	1	1	0	1	1
A[T>A]C	0	0	0	0	0	1	0	0	0	0
A[T>A]G	0	0	0	0	0	0	2	0	1	1
A[T>A]T	0	0	0	0	0	0	0	0	0	0
A[T>C]A	8	14	44	18	30	8	14	44	18	30
A[T>C]C	9	3	35	20	25	9	3	35	20	25
A[T>C]G	5	3	31	14	24	5	3	31	14	24
A[T>C]T	0	5	59	0	30	0	5	59	0	30
A[T>G]A	0	0	0	0	0	1	1	1	1	1
A[T>G]C	0	0	0	0	0	2	1	1	1	0
A[T>G]G	0	0	0	0	0	1	1	2	2	1
A[T>G]T	0	0	0	0	0	0	0	0	0	0
C[C>A]A	0	0	0	0	0	3	3	2	8	3
C[C>A]C	0	0	0	0	0	2	6	1	2	2
C[C>A]G	0	0	0	0	0	0	1	0	1	1
C[C>A]T	0	0	0	0	0	1	3	2	3	2
C[C>G]A	0	0	0	0	0	2	4	1	2	1
C[C>G]C	0	0	0	0	0	2	1	2	2	1
C[C>G]G	0	0	0	0	0	1	0	0	0	0
C[C>G]T	0	0	0	0	0	1	0	0	0	0
C[C>T]A	35	11	23	58	39	35	11	23	58	39
C[C>T]C	65	45	64	67	65	65	45	64	67	65
C[C>T]G	9	8	7	8	6	9	8	7	8	6
C[C>T]T	22	4	2	45	5	22	4	2	45	5
C[T>A]A	0	0	0	0	0	1	1	2	1	1
C[T>A]C	0	0	0	0	0	2	1	2	1	2
C[T>A]G	0	0	0	0	0	1	1	0	2	2
C[T>A]T	0	0	0	0	0	1	1	0	1	1
C[T>C]A	2	6	24	10	21	2	6	24	10	21
C[T>C]C	0	0	41	9	22	0	0	41	9	22
C[T>C]G	4	4	49	19	28	4	4	49	19	28
C[T>C]T	6	10	47	15	27	6	10	47	15	27
C[T>G]A	0	0	0	0	0	1	1	0	1	0
C[T>G]C	0	0	0	0	0	2	1	1	1	1
C[T>G]G	0	0	0	0	0	3	3	1	3	1
C[T>G]T	0	0	0	0	0	1	1	0	0	0
G[C>A]A	0	0	0	0	0	3	1	1	3	1
G[C>A]C	0	0	0	0	0	1	1	0	2	2
G[C>A]G	0	0	0	0	0	0	1	1	1	0
G[C>A]T	0	0	0	0	0	2	2	1	3	1
G[C>G]A	0	0	0	0	0	2	1	4	2	4
G[C>G]C	0	0	0	0	0	5	1	1	1	1
G[C>G]G	0	0	0	0	0	1	1	0	0	0
G[C>G]T	0	0	0	0	0	2	0	0	1	1
G[C>T]A	34	32	36	44	35	34	32	36	44	35
G[C>T]C	51	43	31	24	31	51	43	31	24	31
G[C>T]G	9	3	0	4	2	9	3	0	4	2
G[C>T]T	20	25	50	34	26	20	25	50	34	26
G[T>A]A	0	0	0	0	0	3	4	1	1	3
G[T>A]C	0	0	0	0	0	1	1	3	2	2
G[T>A]G	0	0	0	0	0	2	4	1	2	2
G[T>A]T	0	0	0	0	0	1	0	0	1	2
G[T>C]A	3	10	0	12	17	3	10	0	12	17
G[T>C]C	0	1	27	8	17	0	1	27	8	17
G[T>C]G	0	19	40	32	18	0	19	40	32	18
G[T>C]T	6	18	18	23	21	6	18	18	23	21
G[T>G]A	0	0	0	0	0	2	1	1	1	1
G[T>G]C	0	0	0	0	0	1	0	2	1	1
G[T>G]G	0	0	0	0	0	4	5	1	4	2
G[T>G]T	0	0	0	0	0	1	0	0	1	1
T[C>A]A	0	0	0	0	0	4	9	2	3	5
T[C>A]C	0	0	0	0	0	3	4	3	3	4
T[C>A]G	0	0	0	0	0	1	1	0	1	1
T[C>A]T	0	0	0	0	0	5	6	5	7	7
T[C>G]A	0	0	0	0	0	4	0	2	2	2
T[C>G]C	0	0	0	0	0	3	0	1	0	2
T[C>G]G	0	0	0	0	0	1	0	1	0	0
T[C>G]T	0	0	0	0	0	1	0	0	0	1
T[C>T]A	33	32	52	31	6	33	32	52	31	6
T[C>T]C	32	48	27	16	43	32	48	27	16	43
T[C>T]G	4	2	2	5	2	4	2	2	5	2
T[C>T]T	39	42	33	30	36	39	42	33	30	36
T[T>A]A	0	0	0	0	0	5	5	2	4	4
T[T>A]C	0	0	0	0	0	2	2	1	1	2
T[T>A]G	0	0	0	0	0	2	3	1	2	3
T[T>A]T	0	0	0	0	0	2	1	0	2	2
T[T>C]A	3	10	35	15	23	3	10	35	15	23
T[T>C]C	7	13	46	16	25	7	13	46	16	25
T[T>C]G	0	5	40	11	19	0	5	40	11	19
T[T>C]T	0	12	46	22	28	0	12	46	22	28
T[T>G]A	0	0	0	0	0	1	0	2	1	1
T[T>G]C	0	0	0	0	0	1	0	0	1	1
T[T>G]G	0	0	0	0	0	2	3	0	2	3
T[T>G]T	0	0	0	0	0	0	0	0	0	0
