MutationType	Actinopterygii__Ts only	Amphibia__Ts only	Aves__Ts only	Lepidosauria__Ts only	Mammalia__Ts only	Actinopterygii__Ts & Tv	Amphibia__Ts & Tv	Aves__Ts & Tv	Lepidosauria__Ts & Tv	Mammalia__Ts & Tv
A[C>A]A	0	0	0	0	0	1	0	0	0	0
A[C>A]C	0	0	0	0	0	1	0	0	1	1
A[C>A]G	0	0	0	0	0	0	0	0	0	0
A[C>A]T	0	0	0	0	0	0	0	0	0	0
A[C>G]A	0	0	0	0	0	3	9	3	2	1
A[C>G]C	0	0	0	0	0	3	1	0	0	1
A[C>G]G	0	0	0	0	0	1	0	0	0	0
A[C>G]T	0	0	0	0	0	0	0	0	0	0
A[C>T]A	85	101	53	68	81	85	101	53	68	81
A[C>T]C	57	40	38	52	56	57	40	38	52	56
A[C>T]G	9	12	2	8	7	9	12	2	8	7
A[C>T]T	33	13	38	45	40	33	13	38	45	40
A[T>A]A	0	0	0	0	0	1	2	0	0	1
A[T>A]C	0	0	0	0	0	1	0	0	0	0
A[T>A]G	0	0	0	0	0	1	1	0	1	0
A[T>A]T	0	0	0	0	0	0	0	0	0	0
A[T>C]A	41	42	76	31	50	41	42	76	31	50
A[T>C]C	32	30	58	46	54	32	30	58	46	54
A[T>C]G	29	27	87	42	43	29	27	87	42	43
A[T>C]T	46	53	77	57	55	46	53	77	57	55
A[T>G]A	0	0	0	0	0	1	2	1	1	1
A[T>G]C	0	0	0	0	0	1	0	2	2	1
A[T>G]G	0	0	0	0	0	2	2	2	1	1
A[T>G]T	0	0	0	0	0	0	0	0	0	0
C[C>A]A	0	0	0	0	0	5	7	4	2	3
C[C>A]C	0	0	0	0	0	4	4	2	2	3
C[C>A]G	0	0	0	0	0	0	1	1	0	1
C[C>A]T	0	0	0	0	0	2	4	3	2	2
C[C>G]A	0	0	0	0	0	3	1	1	1	1
C[C>G]C	0	0	0	0	0	2	2	1	3	1
C[C>G]G	0	0	0	0	0	0	0	0	0	0
C[C>G]T	0	0	0	0	0	1	1	1	0	1
C[C>T]A	75	86	70	80	83	75	86	70	80	83
C[C>T]C	76	90	97	90	74	76	90	97	90	74
C[C>T]G	11	10	3	2	8	11	10	3	2	8
C[C>T]T	15	30	11	37	11	15	30	11	37	11
C[T>A]A	0	0	0	0	0	3	6	3	1	2
C[T>A]C	0	0	0	0	0	4	3	3	2	4
C[T>A]G	0	0	0	0	0	4	5	5	2	4
C[T>A]T	0	0	0	0	0	3	3	5	5	2
C[T>C]A	25	26	31	30	36	25	26	31	30	36
C[T>C]C	36	38	72	62	47	36	38	72	62	47
C[T>C]G	30	22	48	27	36	30	22	48	27	36
C[T>C]T	31	25	79	36	48	31	25	79	36	48
C[T>G]A	0	0	0	0	0	1	1	2	1	1
C[T>G]C	0	0	0	0	0	2	5	0	2	1
C[T>G]G	0	0	0	0	0	2	1	1	1	2
C[T>G]T	0	0	0	0	0	0	1	1	0	0
G[C>A]A	0	0	0	0	0	3	3	5	9	2
G[C>A]C	0	0	0	0	0	2	4	2	2	2
G[C>A]G	0	0	0	0	0	0	0	0	1	0
G[C>A]T	0	0	0	0	0	3	1	4	2	1
G[C>G]A	0	0	0	0	0	4	1	5	3	2
G[C>G]C	0	0	0	0	0	4	3	1	0	1
G[C>G]G	0	0	0	0	0	1	0	0	0	0
G[C>G]T	0	0	0	0	0	1	1	0	0	1
G[C>T]A	74	49	83	102	79	74	49	83	102	79
G[C>T]C	33	33	22	26	19	33	33	22	26	19
G[C>T]G	7	6	3	12	5	7	6	3	12	5
G[C>T]T	43	57	56	65	64	43	57	56	65	64
G[T>A]A	0	0	0	0	0	3	2	1	3	2
G[T>A]C	0	0	0	0	0	1	3	1	0	1
G[T>A]G	0	0	0	0	0	3	3	2	2	4
G[T>A]T	0	0	0	0	0	2	3	0	0	1
G[T>C]A	16	16	17	16	21	16	16	17	16	21
G[T>C]C	17	17	30	18	31	17	17	30	18	31
G[T>C]G	16	18	22	30	21	16	18	22	30	21
G[T>C]T	27	19	5	44	32	27	19	5	44	32
G[T>G]A	0	0	0	0	0	1	0	1	2	1
G[T>G]C	0	0	0	0	0	2	3	1	3	1
G[T>G]G	0	0	0	0	0	5	3	1	2	2
G[T>G]T	0	0	0	0	0	1	0	0	2	1
T[C>A]A	0	0	0	0	0	4	3	3	4	3
T[C>A]C	0	0	0	0	0	4	2	3	4	3
T[C>A]G	0	0	0	0	0	1	0	1	1	0
T[C>A]T	0	0	0	0	0	5	4	5	6	4
T[C>G]A	0	0	0	0	0	3	1	1	1	2
T[C>G]C	0	0	0	0	0	1	1	0	0	1
T[C>G]G	0	0	0	0	0	0	0	0	0	0
T[C>G]T	0	0	0	0	0	1	0	2	0	2
T[C>T]A	87	93	63	19	73	87	93	63	19	73
T[C>T]C	23	29	26	31	37	23	29	26	31	37
T[C>T]G	5	3	1	2	2	5	3	1	2	2
T[C>T]T	66	62	70	33	37	66	62	70	33	37
T[T>A]A	0	0	0	0	0	9	9	2	5	6
T[T>A]C	0	0	0	0	0	5	3	4	5	6
T[T>A]G	0	0	0	0	0	4	4	4	3	3
T[T>A]T	0	0	0	0	0	3	9	0	2	3
T[T>C]A	27	24	67	29	35	27	24	67	29	35
T[T>C]C	33	22	73	35	45	33	22	73	35	45
T[T>C]G	20	18	67	33	29	20	18	67	33	29
T[T>C]T	41	40	132	44	55	41	40	132	44	55
T[T>G]A	0	0	0	0	0	1	1	2	1	1
T[T>G]C	0	0	0	0	0	1	0	1	2	1
T[T>G]G	0	0	0	0	0	2	5	1	1	1
T[T>G]T	0	0	0	0	0	2	1	0	0	0
