MutationType	Actinopterygii__Ts only	Amphibia__Ts only	Aves__Ts only	Lepidosauria__Ts only	Mammalia__Ts only	Actinopterygii__Ts & Tv	Amphibia__Ts & Tv	Aves__Ts & Tv	Lepidosauria__Ts & Tv	Mammalia__Ts & Tv
A[C>A]A	0	0	0	0	0	1	0	0	0	0
A[C>A]C	0	0	0	0	0	1	0	0	1	1
A[C>A]G	0	0	0	0	0	0	0	0	0	0
A[C>A]T	0	0	0	0	0	0	0	0	0	0
A[C>G]A	0	0	0	0	0	3	9	3	2	1
A[C>G]C	0	0	0	0	0	3	1	0	0	1
A[C>G]G	0	0	0	0	0	1	0	0	0	0
A[C>G]T	0	0	0	0	0	0	0	0	0	0
A[C>T]A	60	62	41	43	50	60	62	41	43	50
A[C>T]C	48	28	29	41	41	48	28	29	41	41
A[C>T]G	6	8	0	5	3	6	8	0	5	3
A[C>T]T	21	0	31	32	23	21	0	31	32	23
A[T>A]A	0	0	0	0	0	1	2	0	0	1
A[T>A]C	0	0	0	0	0	1	0	0	0	0
A[T>A]G	0	0	0	0	0	1	1	0	1	0
A[T>A]T	0	0	0	0	0	0	0	0	0	0
A[T>C]A	28	27	71	25	44	28	27	71	25	44
A[T>C]C	18	21	54	34	43	18	21	54	34	43
A[T>C]G	21	23	81	37	39	21	23	81	37	39
A[T>C]T	29	37	60	35	42	29	37	60	35	42
A[T>G]A	0	0	0	0	0	1	2	1	1	1
A[T>G]C	0	0	0	0	0	1	0	2	2	1
A[T>G]G	0	0	0	0	0	2	2	2	1	1
A[T>G]T	0	0	0	0	0	0	0	0	0	0
C[C>A]A	0	0	0	0	0	5	7	4	2	3
C[C>A]C	0	0	0	0	0	4	4	2	2	3
C[C>A]G	0	0	0	0	0	0	1	1	0	1
C[C>A]T	0	0	0	0	0	2	4	3	2	2
C[C>G]A	0	0	0	0	0	3	1	1	1	1
C[C>G]C	0	0	0	0	0	2	2	1	3	1
C[C>G]G	0	0	0	0	0	0	0	0	0	0
C[C>G]T	0	0	0	0	0	1	1	1	0	1
C[C>T]A	55	62	50	61	57	55	62	50	61	57
C[C>T]C	69	80	90	76	57	69	80	90	76	57
C[C>T]G	9	7	0	1	5	9	7	0	1	5
C[C>T]T	6	13	1	26	0	6	13	1	26	0
C[T>A]A	0	0	0	0	0	3	6	3	1	2
C[T>A]C	0	0	0	0	0	4	3	3	2	4
C[T>A]G	0	0	0	0	0	4	5	5	2	4
C[T>A]T	0	0	0	0	0	3	3	5	5	2
C[T>C]A	16	20	27	27	31	16	20	27	27	31
C[T>C]C	21	20	63	47	38	21	20	63	47	38
C[T>C]G	21	15	45	23	31	21	15	45	23	31
C[T>C]T	24	16	79	24	41	24	16	79	24	41
C[T>G]A	0	0	0	0	0	1	1	2	1	1
C[T>G]C	0	0	0	0	0	2	5	0	2	1
C[T>G]G	0	0	0	0	0	2	1	1	1	2
C[T>G]T	0	0	0	0	0	0	1	1	0	0
G[C>A]A	0	0	0	0	0	3	3	5	9	2
G[C>A]C	0	0	0	0	0	2	4	2	2	2
G[C>A]G	0	0	0	0	0	0	0	0	1	0
G[C>A]T	0	0	0	0	0	3	1	4	2	1
G[C>G]A	0	0	0	0	0	4	1	5	3	2
G[C>G]C	0	0	0	0	0	4	3	1	0	1
G[C>G]G	0	0	0	0	0	1	0	0	0	0
G[C>G]T	0	0	0	0	0	1	1	0	0	1
G[C>T]A	55	30	71	79	62	55	30	71	79	62
G[C>T]C	27	17	15	12	6	27	17	15	12	6
G[C>T]G	5	4	2	9	2	5	4	2	9	2
G[C>T]T	29	46	50	47	52	29	46	50	47	52
G[T>A]A	0	0	0	0	0	3	2	1	3	2
G[T>A]C	0	0	0	0	0	1	3	1	0	1
G[T>A]G	0	0	0	0	0	3	3	2	2	4
G[T>A]T	0	0	0	0	0	2	3	0	0	1
G[T>C]A	7	9	11	10	15	7	9	11	10	15
G[T>C]C	8	13	20	9	25	8	13	20	9	25
G[T>C]G	6	10	17	22	13	6	10	17	22	13
G[T>C]T	13	7	0	34	21	13	7	0	34	21
G[T>G]A	0	0	0	0	0	1	0	1	2	1
G[T>G]C	0	0	0	0	0	2	3	1	3	1
G[T>G]G	0	0	0	0	0	5	3	1	2	2
G[T>G]T	0	0	0	0	0	1	0	0	2	1
T[C>A]A	0	0	0	0	0	4	3	3	4	3
T[C>A]C	0	0	0	0	0	4	2	3	4	3
T[C>A]G	0	0	0	0	0	1	0	1	1	0
T[C>A]T	0	0	0	0	0	5	4	5	6	4
T[C>G]A	0	0	0	0	0	3	1	1	1	2
T[C>G]C	0	0	0	0	0	1	1	0	0	1
T[C>G]G	0	0	0	0	0	0	0	0	0	0
T[C>G]T	0	0	0	0	0	1	0	2	0	2
T[C>T]A	55	57	53	0	41	55	57	53	0	41
T[C>T]C	8	10	16	14	18	8	10	16	14	18
T[C>T]G	2	0	0	0	0	2	0	0	0	0
T[C>T]T	48	39	58	16	19	48	39	58	16	19
T[T>A]A	0	0	0	0	0	9	9	2	5	6
T[T>A]C	0	0	0	0	0	5	3	4	5	6
T[T>A]G	0	0	0	0	0	4	4	4	3	3
T[T>A]T	0	0	0	0	0	3	9	0	2	3
T[T>C]A	18	18	62	26	30	18	18	62	26	30
T[T>C]C	26	12	70	25	38	26	12	70	25	38
T[T>C]G	12	13	65	31	27	12	13	65	31	27
T[T>C]T	28	35	124	41	48	28	35	124	41	48
T[T>G]A	0	0	0	0	0	1	1	2	1	1
T[T>G]C	0	0	0	0	0	1	0	1	2	1
T[T>G]G	0	0	0	0	0	2	5	1	1	1
T[T>G]T	0	0	0	0	0	2	1	0	0	0
