"MutationType"	"diff_Actinopterygii__Ts.only"	"diff_Amphibia__Ts.only"	"diff_Aves__Ts.only"	"diff_Lepidosauria__Ts.only"	"diff_Mammalia__Ts.only"	"diff_Actinopterygii__Ts...Tv"	"diff_Amphibia__Ts...Tv"	"diff_Aves__Ts...Tv"	"diff_Lepidosauria__Ts...Tv"	"diff_Mammalia__Ts...Tv"	"high_Actinopterygii__Ts.only"	"high_Amphibia__Ts.only"	"high_Aves__Ts.only"	"high_Lepidosauria__Ts.only"	"high_Mammalia__Ts.only"	"high_Actinopterygii__Ts...Tv"	"high_Amphibia__Ts...Tv"	"high_Aves__Ts...Tv"	"high_Lepidosauria__Ts...Tv"	"high_Mammalia__Ts...Tv"	"low_Actinopterygii__Ts.only"	"low_Amphibia__Ts.only"	"low_Aves__Ts.only"	"low_Lepidosauria__Ts.only"	"low_Mammalia__Ts.only"	"low_Actinopterygii__Ts...Tv"	"low_Amphibia__Ts...Tv"	"low_Aves__Ts...Tv"	"low_Lepidosauria__Ts...Tv"	"low_Mammalia__Ts...Tv"
"A[C>A]A"	0	0	0	0	0	1	0	0	0	0	0	0	0	0	0	1	0	0	0	0	0	0	0	0	0	1	0	0	0	0
"A[C>A]C"	0	0	0	0	0	1	0	0	1	1	0	0	0	0	0	1	0	0	1	1	0	0	0	0	0	1	0	0	1	1
"A[C>A]G"	0	0	0	0	0	0	0	0	0	0	0	0	0	0	0	0	0	0	0	0	0	0	0	0	0	0	0	0	0	0
"A[C>A]T"	0	0	0	0	0	0	0	0	0	0	0	0	0	0	0	0	0	0	0	0	0	0	0	0	0	0	0	0	0	0
"A[C>G]A"	0	0	0	0	0	3	9	3	2	1	0	0	0	0	0	3	9	3	2	1	0	0	0	0	0	3	9	3	2	1
"A[C>G]C"	0	0	0	0	0	3	1	0	0	1	0	0	0	0	0	3	1	0	0	1	0	0	0	0	0	3	1	0	0	1
"A[C>G]G"	0	0	0	0	0	1	0	0	0	0	0	0	0	0	0	1	0	0	0	0	0	0	0	0	0	1	0	0	0	0
"A[C>G]T"	0	0	0	0	0	0	0	0	0	0	0	0	0	0	0	0	0	0	0	0	0	0	0	0	0	0	0	0	0	0
"A[C>T]A"	60	62	41	43	50	60	62	41	43	50	85	101	53	68	81	85	101	53	68	81	25	38	12	25	31	25	38	12	25	31
"A[C>T]C"	48	28	29	41	41	48	28	29	41	41	57	40	38	52	56	57	40	38	52	56	9	12	9	12	14	9	12	9	12	14
"A[C>T]G"	6	8	0	5	3	6	8	0	5	3	9	12	2	8	7	9	12	2	8	7	2	3	4	3	4	2	3	4	3	4
"A[C>T]T"	21	0	31	32	23	21	0	31	32	23	33	13	38	45	40	33	13	38	45	40	12	18	8	14	17	12	18	8	14	17
"A[T>A]A"	0	0	0	0	0	1	2	0	0	1	0	0	0	0	0	1	2	0	0	1	0	0	0	0	0	1	2	0	0	1
"A[T>A]C"	0	0	0	0	0	1	0	0	0	0	0	0	0	0	0	1	0	0	0	0	0	0	0	0	0	1	0	0	0	0
"A[T>A]G"	0	0	0	0	0	1	1	0	1	0	0	0	0	0	0	1	1	0	1	0	0	0	0	0	0	1	1	0	1	0
"A[T>A]T"	0	0	0	0	0	0	0	0	0	0	0	0	0	0	0	0	0	0	0	0	0	0	0	0	0	0	0	0	0	0
"A[T>C]A"	28	27	71	25	44	28	27	71	25	44	41	42	76	31	50	41	42	76	31	50	13	15	5	5	7	13	15	5	5	7
"A[T>C]C"	18	21	54	34	43	18	21	54	34	43	32	30	58	46	54	32	30	58	46	54	14	9	4	12	11	14	9	4	12	11
"A[T>C]G"	21	23	81	37	39	21	23	81	37	39	29	27	87	42	43	29	27	87	42	43	8	5	6	5	4	8	5	6	5	4
"A[T>C]T"	29	37	60	35	42	29	37	60	35	42	46	53	77	57	55	46	53	77	57	55	17	16	17	22	13	17	16	17	22	13
"A[T>G]A"	0	0	0	0	0	1	2	1	1	1	0	0	0	0	0	1	2	1	1	1	0	0	0	0	0	1	2	1	1	1
"A[T>G]C"	0	0	0	0	0	1	0	2	2	1	0	0	0	0	0	1	0	2	2	1	0	0	0	0	0	1	0	2	2	1
"A[T>G]G"	0	0	0	0	0	2	2	2	1	1	0	0	0	0	0	2	2	2	1	1	0	0	0	0	0	2	2	2	1	1
"A[T>G]T"	0	0	0	0	0	0	0	0	0	0	0	0	0	0	0	0	0	0	0	0	0	0	0	0	0	0	0	0	0	0
"C[C>A]A"	0	0	0	0	0	5	7	4	2	3	0	0	0	0	0	5	7	4	2	3	0	0	0	0	0	5	7	4	2	3
"C[C>A]C"	0	0	0	0	0	4	4	2	2	3	0	0	0	0	0	4	4	2	2	3	0	0	0	0	0	4	4	2	2	3
"C[C>A]G"	0	0	0	0	0	0	1	1	0	1	0	0	0	0	0	0	1	1	0	1	0	0	0	0	0	0	1	1	0	1
"C[C>A]T"	0	0	0	0	0	2	4	3	2	2	0	0	0	0	0	2	4	3	2	2	0	0	0	0	0	2	4	3	2	2
"C[C>G]A"	0	0	0	0	0	3	1	1	1	1	0	0	0	0	0	3	1	1	1	1	0	0	0	0	0	3	1	1	1	1
"C[C>G]C"	0	0	0	0	0	2	2	1	3	1	0	0	0	0	0	2	2	1	3	1	0	0	0	0	0	2	2	1	3	1
"C[C>G]G"	0	0	0	0	0	0	0	0	0	0	0	0	0	0	0	0	0	0	0	0	0	0	0	0	0	0	0	0	0	0
"C[C>G]T"	0	0	0	0	0	1	1	1	0	1	0	0	0	0	0	1	1	1	0	1	0	0	0	0	0	1	1	1	0	1
"C[C>T]A"	55	62	50	61	57	55	62	50	61	57	75	86	70	80	83	75	86	70	80	83	21	24	20	19	25	21	24	20	19	25
"C[C>T]C"	69	80	90	76	57	69	80	90	76	57	76	90	97	90	74	76	90	97	90	74	7	10	7	13	17	7	10	7	13	17
"C[C>T]G"	9	7	0	1	5	9	7	0	1	5	11	10	3	2	8	11	10	3	2	8	2	3	3	2	3	2	3	3	2	3
"C[C>T]T"	6	13	1	26	0	6	13	1	26	0	15	30	11	37	11	15	30	11	37	11	9	17	10	11	13	9	17	10	11	13
"C[T>A]A"	0	0	0	0	0	3	6	3	1	2	0	0	0	0	0	3	6	3	1	2	0	0	0	0	0	3	6	3	1	2
"C[T>A]C"	0	0	0	0	0	4	3	3	2	4	0	0	0	0	0	4	3	3	2	4	0	0	0	0	0	4	3	3	2	4
"C[T>A]G"	0	0	0	0	0	4	5	5	2	4	0	0	0	0	0	4	5	5	2	4	0	0	0	0	0	4	5	5	2	4
"C[T>A]T"	0	0	0	0	0	3	3	5	5	2	0	0	0	0	0	3	3	5	5	2	0	0	0	0	0	3	3	5	5	2
"C[T>C]A"	16	20	27	27	31	16	20	27	27	31	25	26	31	30	36	25	26	31	30	36	9	6	4	3	4	9	6	4	3	4
"C[T>C]C"	21	20	63	47	38	21	20	63	47	38	36	38	72	62	47	36	38	72	62	47	15	18	8	15	9	15	18	8	15	9
"C[T>C]G"	21	15	45	23	31	21	15	45	23	31	30	22	48	27	36	30	22	48	27	36	10	8	4	4	5	10	8	4	4	5
"C[T>C]T"	24	16	79	24	41	24	16	79	24	41	31	25	79	36	48	31	25	79	36	48	8	9	0	12	7	8	9	0	12	7
"C[T>G]A"	0	0	0	0	0	1	1	2	1	1	0	0	0	0	0	1	1	2	1	1	0	0	0	0	0	1	1	2	1	1
"C[T>G]C"	0	0	0	0	0	2	5	0	2	1	0	0	0	0	0	2	5	0	2	1	0	0	0	0	0	2	5	0	2	1
"C[T>G]G"	0	0	0	0	0	2	1	1	1	2	0	0	0	0	0	2	1	1	1	2	0	0	0	0	0	2	1	1	1	2
"C[T>G]T"	0	0	0	0	0	0	1	1	0	0	0	0	0	0	0	0	1	1	0	0	0	0	0	0	0	0	1	1	0	0
"G[C>A]A"	0	0	0	0	0	3	3	5	9	2	0	0	0	0	0	3	3	5	9	2	0	0	0	0	0	3	3	5	9	2
"G[C>A]C"	0	0	0	0	0	2	4	2	2	2	0	0	0	0	0	2	4	2	2	2	0	0	0	0	0	2	4	2	2	2
"G[C>A]G"	0	0	0	0	0	0	0	0	1	0	0	0	0	0	0	0	0	0	1	0	0	0	0	0	0	0	0	0	1	0
"G[C>A]T"	0	0	0	0	0	3	1	4	2	1	0	0	0	0	0	3	1	4	2	1	0	0	0	0	0	3	1	4	2	1
"G[C>G]A"	0	0	0	0	0	4	1	5	3	2	0	0	0	0	0	4	1	5	3	2	0	0	0	0	0	4	1	5	3	2
"G[C>G]C"	0	0	0	0	0	4	3	1	0	1	0	0	0	0	0	4	3	1	0	1	0	0	0	0	0	4	3	1	0	1
"G[C>G]G"	0	0	0	0	0	1	0	0	0	0	0	0	0	0	0	1	0	0	0	0	0	0	0	0	0	1	0	0	0	0
"G[C>G]T"	0	0	0	0	0	1	1	0	0	1	0	0	0	0	0	1	1	0	0	1	0	0	0	0	0	1	1	0	0	1
"G[C>T]A"	55	30	71	79	62	55	30	71	79	62	74	49	83	102	79	74	49	83	102	79	19	19	11	24	17	19	19	11	24	17
"G[C>T]C"	27	17	15	12	6	27	17	15	12	6	33	33	22	26	19	33	33	22	26	19	7	17	7	13	13	7	17	7	13	13
"G[C>T]G"	5	4	2	9	2	5	4	2	9	2	7	6	3	12	5	7	6	3	12	5	3	3	2	3	2	3	3	2	3	2
"G[C>T]T"	29	46	50	47	52	29	46	50	47	52	43	57	56	65	64	43	57	56	65	64	14	12	6	18	13	14	12	6	18	13
"G[T>A]A"	0	0	0	0	0	3	2	1	3	2	0	0	0	0	0	3	2	1	3	2	0	0	0	0	0	3	2	1	3	2
"G[T>A]C"	0	0	0	0	0	1	3	1	0	1	0	0	0	0	0	1	3	1	0	1	0	0	0	0	0	1	3	1	0	1
"G[T>A]G"	0	0	0	0	0	3	3	2	2	4	0	0	0	0	0	3	3	2	2	4	0	0	0	0	0	3	3	2	2	4
"G[T>A]T"	0	0	0	0	0	2	3	0	0	1	0	0	0	0	0	2	3	0	0	1	0	0	0	0	0	2	3	0	0	1
"G[T>C]A"	7	9	11	10	15	7	9	11	10	15	16	16	17	16	21	16	16	17	16	21	8	7	6	6	6	8	7	6	6	6
"G[T>C]C"	8	13	20	9	25	8	13	20	9	25	17	17	30	18	31	17	17	30	18	31	9	4	10	9	6	9	4	10	9	6
"G[T>C]G"	6	10	17	22	13	6	10	17	22	13	16	18	22	30	21	16	18	22	30	21	10	8	5	7	8	10	8	5	7	8
"G[T>C]T"	13	7	0	34	21	13	7	0	34	21	27	19	5	44	32	27	19	5	44	32	14	12	8	10	12	14	12	8	10	12
"G[T>G]A"	0	0	0	0	0	1	0	1	2	1	0	0	0	0	0	1	0	1	2	1	0	0	0	0	0	1	0	1	2	1
"G[T>G]C"	0	0	0	0	0	2	3	1	3	1	0	0	0	0	0	2	3	1	3	1	0	0	0	0	0	2	3	1	3	1
"G[T>G]G"	0	0	0	0	0	5	3	1	2	2	0	0	0	0	0	5	3	1	2	2	0	0	0	0	0	5	3	1	2	2
"G[T>G]T"	0	0	0	0	0	1	0	0	2	1	0	0	0	0	0	1	0	0	2	1	0	0	0	0	0	1	0	0	2	1
"T[C>A]A"	0	0	0	0	0	4	3	3	4	3	0	0	0	0	0	4	3	3	4	3	0	0	0	0	0	4	3	3	4	3
"T[C>A]C"	0	0	0	0	0	4	2	3	4	3	0	0	0	0	0	4	2	3	4	3	0	0	0	0	0	4	2	3	4	3
"T[C>A]G"	0	0	0	0	0	1	0	1	1	0	0	0	0	0	0	1	0	1	1	0	0	0	0	0	0	1	0	1	1	0
"T[C>A]T"	0	0	0	0	0	5	4	5	6	4	0	0	0	0	0	5	4	5	6	4	0	0	0	0	0	5	4	5	6	4
"T[C>G]A"	0	0	0	0	0	3	1	1	1	2	0	0	0	0	0	3	1	1	1	2	0	0	0	0	0	3	1	1	1	2
"T[C>G]C"	0	0	0	0	0	1	1	0	0	1	0	0	0	0	0	1	1	0	0	1	0	0	0	0	0	1	1	0	0	1
"T[C>G]G"	0	0	0	0	0	0	0	0	0	0	0	0	0	0	0	0	0	0	0	0	0	0	0	0	0	0	0	0	0	0
"T[C>G]T"	0	0	0	0	0	1	0	2	0	2	0	0	0	0	0	1	0	2	0	2	0	0	0	0	0	1	0	2	0	2
"T[C>T]A"	55	57	53	0	41	55	57	53	0	41	87	93	63	19	73	87	93	63	19	73	32	36	10	29	32	32	36	10	29	32
"T[C>T]C"	8	10	16	14	18	8	10	16	14	18	23	29	26	31	37	23	29	26	31	37	14	19	10	17	19	14	19	10	17	19
"T[C>T]G"	2	0	0	0	0	2	0	0	0	0	5	3	1	2	2	5	3	1	2	2	3	4	2	2	4	3	4	2	2	4
"T[C>T]T"	48	39	58	16	19	48	39	58	16	19	66	62	70	33	37	66	62	70	33	37	18	23	12	17	18	18	23	12	17	18
"T[T>A]A"	0	0	0	0	0	9	9	2	5	6	0	0	0	0	0	9	9	2	5	6	0	0	0	0	0	9	9	2	5	6
"T[T>A]C"	0	0	0	0	0	5	3	4	5	6	0	0	0	0	0	5	3	4	5	6	0	0	0	0	0	5	3	4	5	6
"T[T>A]G"	0	0	0	0	0	4	4	4	3	3	0	0	0	0	0	4	4	4	3	3	0	0	0	0	0	4	4	4	3	3
"T[T>A]T"	0	0	0	0	0	3	9	0	2	3	0	0	0	0	0	3	9	0	2	3	0	0	0	0	0	3	9	0	2	3
"T[T>C]A"	18	18	62	26	30	18	18	62	26	30	27	24	67	29	35	27	24	67	29	35	9	6	5	2	5	9	6	5	2	5
"T[T>C]C"	26	12	70	25	38	26	12	70	25	38	33	22	73	35	45	33	22	73	35	45	8	11	3	9	6	8	11	3	9	6
"T[T>C]G"	12	13	65	31	27	12	13	65	31	27	20	18	67	33	29	20	18	67	33	29	8	5	3	2	3	8	5	3	2	3
"T[T>C]T"	28	35	124	41	48	28	35	124	41	48	41	40	132	44	55	41	40	132	44	55	12	4	7	3	7	12	4	7	3	7
"T[T>G]A"	0	0	0	0	0	1	1	2	1	1	0	0	0	0	0	1	1	2	1	1	0	0	0	0	0	1	1	2	1	1
"T[T>G]C"	0	0	0	0	0	1	0	1	2	1	0	0	0	0	0	1	0	1	2	1	0	0	0	0	0	1	0	1	2	1
"T[T>G]G"	0	0	0	0	0	2	5	1	1	1	0	0	0	0	0	2	5	1	1	1	0	0	0	0	0	2	5	1	1	1
"T[T>G]T"	0	0	0	0	0	2	1	0	0	0	0	0	0	0	0	2	1	0	0	0	0	0	0	0	0	2	1	0	0	0
