Samples	SBS1	SBS2	SBS3	SBS4	SBS5	SBS6	SBS7a	SBS7b	SBS7c	SBS7d	SBS8	SBS10a	SBS10b	SBS10c	SBS10d	SBS12	SBS13	SBS14	SBS15	SBS16	SBS17a	SBS17b	SBS18	SBS19	SBS20	SBS21	SBS23	SBS24	SBS26	SBS28	SBS29	SBS30	SBS33	SBS34	SBS36	SBS37	SBS38	SBS39	SBS40	SBS41	SBS42	SBS44	SBS89	SBS91	SBS92	SBS93	SBS94
low-Actinopterygii: Ts	0	32	0	0	21	0	0	0	0	0	0	0	0	0	0	149	0	0	0	0	0	0	0	0	0	0	0	0	0	0	0	108	0	0	0	0	0	0	0	0	0	59	0	0	0	0	0
low-Actinopterygii: Ts & Tv	0	32	0	0	149	0	0	0	0	0	0	0	0	0	0	132	0	0	0	0	0	0	0	0	0	0	0	0	0	0	0	99	0	0	0	0	0	0	0	0	0	0	0	0	0	0	0
low-Amphibia: Ts	0	30	0	0	67	0	0	0	0	0	0	0	0	0	0	96	0	0	0	0	0	0	0	0	0	0	0	0	0	0	0	145	0	0	0	0	0	0	0	0	0	63	0	0	0	0	0
low-Amphibia: Ts & Tv	0	34	0	0	325	0	0	0	0	0	0	0	0	0	0	0	0	0	0	0	0	0	0	0	0	0	0	0	0	0	0	109	0	0	0	0	0	0	0	0	0	68	0	0	0	0	0
low-Aves: Ts	0	0	0	0	25	0	0	0	0	0	0	0	0	0	0	88	0	0	0	0	0	0	0	29	0	0	0	0	0	0	0	80	0	0	0	0	0	0	0	0	0	0	0	0	0	0	0
low-Aves: Ts & Tv	0	0	0	0	227	0	0	0	0	0	0	0	0	0	0	0	0	0	0	0	0	0	0	0	0	26	0	0	0	0	0	69	0	0	0	0	0	0	0	0	0	0	0	0	0	0	0
low-Lepidosauria: Ts	0	22	0	0	49	0	0	0	0	0	0	0	0	0	0	86	0	0	0	0	0	0	0	0	0	0	0	0	0	0	0	129	0	0	0	0	0	0	0	0	0	62	0	0	0	0	0
low-Lepidosauria: Ts & Tv	0	25	0	0	232	0	0	0	0	0	0	0	0	0	0	0	0	0	0	0	26	0	0	0	0	0	0	0	0	0	0	102	0	0	0	0	0	0	0	0	0	61	0	0	0	0	0
low-Mammalia: Ts	0	21	0	0	34	0	0	0	0	0	0	0	0	0	0	85	0	0	0	0	0	0	0	0	0	0	0	0	0	0	0	167	0	0	0	0	0	0	0	0	0	48	0	0	0	0	0
low-Mammalia: Ts & Tv	0	20	0	0	202	0	0	0	0	0	0	0	0	0	0	57	0	0	0	0	0	0	0	0	0	0	0	0	0	0	0	169	0	0	0	0	0	0	0	0	0	0	0	0	0	0	0
high-Actinopterygii: Ts	0	0	0	0	178	0	0	0	0	0	0	0	0	0	0	239	0	0	0	0	0	0	0	0	0	0	0	0	0	0	0	382	0	0	0	0	0	0	0	0	0	0	0	0	0	0	0
high-Actinopterygii: Ts & Tv	0	0	0	0	344	0	0	0	0	0	0	0	0	0	0	209	0	0	0	0	0	0	0	0	0	0	0	0	0	0	0	380	0	0	0	0	0	0	0	0	0	0	0	0	0	0	0
high-Amphibia: Ts	0	0	0	0	132	0	0	0	0	0	0	0	0	0	0	257	0	0	0	0	0	0	0	0	0	0	0	0	0	0	0	370	0	0	0	0	0	0	0	0	0	0	0	0	0	0	0
high-Amphibia: Ts & Tv	0	0	0	0	296	0	0	0	0	0	0	0	0	0	0	229	0	0	0	0	0	0	0	0	0	0	0	0	0	0	0	369	0	0	0	0	0	0	0	0	0	0	0	0	0	0	0
high-Aves: Ts	0	0	0	0	170	0	0	0	0	0	0	0	0	0	0	831	0	0	0	0	0	0	0	0	0	0	0	0	0	0	0	355	0	0	0	0	0	0	0	0	0	0	0	0	0	0	0
high-Aves: Ts & Tv	0	0	0	0	304	0	0	0	0	0	0	0	0	0	0	727	0	0	0	0	90	0	0	0	0	0	0	0	0	0	0	329	0	0	0	0	0	0	0	0	0	0	0	0	0	0	0
high-Lepidosauria: Ts	0	0	0	0	0	0	0	0	0	0	0	0	0	0	0	419	0	0	0	0	0	0	0	0	0	0	179	0	0	0	0	172	0	0	0	0	0	0	0	0	0	142	0	0	0	0	0
high-Lepidosauria: Ts & Tv	0	0	0	0	0	0	0	0	0	0	0	0	0	0	0	461	0	0	0	0	0	0	0	0	0	0	194	0	0	0	0	187	0	0	0	0	0	0	0	0	0	168	0	0	0	0	0
high-Mammalia: Ts	0	0	0	0	0	0	0	0	0	0	0	0	0	0	0	499	0	0	0	0	0	0	0	0	0	0	0	0	0	0	0	321	0	0	0	0	0	0	0	0	0	142	0	0	0	0	0
high-Mammalia: Ts & Tv	0	0	0	0	72	0	0	0	0	0	0	0	0	0	0	508	0	0	0	0	0	0	0	0	0	0	0	0	0	0	0	323	0	0	0	0	0	0	0	0	0	152	0	0	0	0	0
diff-Actinopterygii: Ts	0	0	0	0	178	0	0	0	0	0	0	0	0	0	0	239	0	0	0	0	0	0	0	0	0	0	0	0	0	0	0	382	0	0	0	0	0	0	0	0	0	0	0	0	0	0	0
diff-Actinopterygii: Ts & Tv	0	0	0	0	344	0	0	0	0	0	0	0	0	0	0	209	0	0	0	0	0	0	0	0	0	0	0	0	0	0	0	380	0	0	0	0	0	0	0	0	0	0	0	0	0	0	0
diff-Amphibia: Ts	0	0	0	0	132	0	0	0	0	0	0	0	0	0	0	257	0	0	0	0	0	0	0	0	0	0	0	0	0	0	0	370	0	0	0	0	0	0	0	0	0	0	0	0	0	0	0
diff-Amphibia: Ts & Tv	0	0	0	0	296	0	0	0	0	0	0	0	0	0	0	229	0	0	0	0	0	0	0	0	0	0	0	0	0	0	0	369	0	0	0	0	0	0	0	0	0	0	0	0	0	0	0
diff-Aves: Ts	0	0	0	0	170	0	0	0	0	0	0	0	0	0	0	831	0	0	0	0	0	0	0	0	0	0	0	0	0	0	0	355	0	0	0	0	0	0	0	0	0	0	0	0	0	0	0
diff-Aves: Ts & Tv	0	0	0	0	304	0	0	0	0	0	0	0	0	0	0	727	0	0	0	0	90	0	0	0	0	0	0	0	0	0	0	329	0	0	0	0	0	0	0	0	0	0	0	0	0	0	0
diff-Lepidosauria: Ts	0	0	0	0	0	0	0	0	0	0	0	0	0	0	0	419	0	0	0	0	0	0	0	0	0	0	179	0	0	0	0	172	0	0	0	0	0	0	0	0	0	142	0	0	0	0	0
diff-Lepidosauria: Ts & Tv	0	0	0	0	0	0	0	0	0	0	0	0	0	0	0	461	0	0	0	0	0	0	0	0	0	0	194	0	0	0	0	187	0	0	0	0	0	0	0	0	0	168	0	0	0	0	0
diff-Mammalia: Ts	0	0	0	0	0	0	0	0	0	0	0	0	0	0	0	499	0	0	0	0	0	0	0	0	0	0	0	0	0	0	0	321	0	0	0	0	0	0	0	0	0	142	0	0	0	0	0
diff-Mammalia: Ts & Tv	0	0	0	0	72	0	0	0	0	0	0	0	0	0	0	508	0	0	0	0	0	0	0	0	0	0	0	0	0	0	0	323	0	0	0	0	0	0	0	0	0	152	0	0	0	0	0
