MutationType	SBS1	SBS2	SBS3	SBS4	SBS5	SBS6	SBS7a	SBS7b	SBS7c	SBS7d	SBS8	SBS10a	SBS10b	SBS10c	SBS10d	SBS12	SBS13	SBS14	SBS15	SBS16	SBS17a	SBS17b	SBS18	SBS19	SBS20	SBS21	SBS23	SBS24	SBS26	SBS28	SBS29	SBS30	SBS33	SBS34	SBS36	SBS37	SBS38	SBS39	SBS40	SBS41	SBS42	SBS44	SBS89	SBS91	SBS92	SBS93	SBS94
A[C>A]A	0.00088616	0.00000058	0.02080832	0.04219650	0.01199760	0.00042523	0.00006704	0.00232939	0.00483041	0.00004039	0.04409822	0.00219017	0.00018200	0.00433145	0.01011397	0.00452059	0.00181992	0.00112049	0.00094420	0.01599504	0.00207026	0.00060796	0.05153386	0.00126938	0.00061928	0.00015699	0.00083552	0.03641340	0.00087312	0.00078391	0.06320926	0.00179968	0.00311136	0.00486795	0.02519378	0.00395082	0.01279487	0.01170152	0.02820375	0.00211019	0.00116025	0.00000000	0.03216885	0.00294455	0.01132934	0.01157323	0.01557967
A[C>A]C	0.00228040	0.00014800	0.01650660	0.03329724	0.00943811	0.00052429	0.00017912	0.00046088	0.00115010	0.00076488	0.04779807	0.00177014	0.00653991	0.01483022	0.01844606	0.00113015	0.00072097	0.01310575	0.00049711	0.00289910	0.00091812	0.00012899	0.01581039	0.00064069	0.00139064	0.00235989	0.00039925	0.02650976	0.00052807	0.00252969	0.05120750	0.00050591	0.00223097	0.00695707	0.00831795	0.00145030	0.01009595	0.00715093	0.01340178	0.00122011	0.02060448	0.00015004	0.01769373	0.05299709	0.00974473	0.00809634	0.02474622
A[C>A]G	0.00017703	0.00005230	0.00175070	0.01559871	0.00184963	0.00005203	0.00007125	0.00018595	0.00037703	0.00024996	0.00461981	0.00015001	0.00005350	0.00065712	0.00072653	0.00054007	0.00026399	0.00041318	0.00004611	0.00101968	0.00004761	0.00005820	0.00243160	0.00024588	0.00002181	0.00029399	0.00000010	0.01480545	0.00011402	0.00035296	0.01920281	0.00009128	0.00041418	0.00005198	0.00223945	0.00106022	0.00189924	0.00267035	0.00292039	0.00006141	0.00003341	0.00000092	0.00967083	0.00020420	0.00469657	0.00176062	0.00157427
A[C>A]T	0.00128023	0.00009780	0.01220488	0.02949755	0.00660868	0.00018010	0.00024816	0.00070981	0.00196016	0.00404938	0.04699810	0.01700132	0.00001630	0.01312776	0.01419665	0.00122016	0.00034798	0.08263626	0.00111024	0.01059671	0.00006181	0.00045597	0.02141407	0.00057072	0.00124057	0.00062097	0.00000000	0.02200810	0.00061908	0.00396952	0.03560522	0.00055590	0.00190083	0.00122948	0.01789558	0.00185038	0.00884645	0.00740096	0.01480197	0.00133012	0.00797173	0.00578146	0.02074382	0.00013081	0.00775798	0.00842082	0.01107614
A[C>G]A	0.00186033	0.00000000	0.01970788	0.00688943	0.01009798	0.00047126	0.00006494	0.00000856	0.00112009	0.00117982	0.00432983	0.00000000	0.00030500	0.00034763	0.00012890	0.00122016	0.00386983	0.00000000	0.00011302	0.00173946	0.00101013	0.00014599	0.00173114	0.00318845	0.00877402	0.00001690	0.00000000	0.00334123	0.00042706	0.00015398	0.00314046	0.00106981	0.00141062	0.00076168	0.00183955	0.03430714	0.00268892	0.04730615	0.01220162	0.00533049	0.00040609	0.00318081	0.01481717	0.00024332	0.00305586	0.00885680	0.00700387
A[C>G]C	0.00122022	0.00013300	0.01170468	0.00283976	0.00569886	0.00028916	0.00002161	0.00018895	0.00031903	0.00254961	0.00294988	0.00002430	0.00013400	0.00032513	0.00029210	0.00064208	0.00095096	0.00000578	0.00026906	0.00200938	0.00056907	0.00004340	0.00259170	0.00178913	0.00151069	0.00071897	0.00004083	0.00367135	0.00037805	0.00022397	0.00263039	0.00046692	0.00130057	0.00112952	0.00166959	0.01120233	0.00157937	0.02250293	0.00868115	0.00316029	0.00050611	0.00023306	0.00588321	0.00012457	0.00168986	0.00541810	0.00399009
A[C>G]G	0.00011502	0.00001520	0.00025310	0.00127989	0.00171966	0.00000000	0.00005083	0.00050487	0.00000000	0.00090586	0.00028599	0.00000000	0.00000000	0.00004243	0.00002693	0.00007511	0.00026399	0.00003912	0.00003071	0.00084674	0.00015202	0.00000000	0.00192126	0.00061570	0.00046921	0.00000000	0.00000000	0.00092034	0.00006831	0.00000000	0.00089613	0.00013098	0.00025311	0.00000000	0.00049988	0.00535111	0.00063575	0.01360177	0.00225030	0.00121011	0.00001770	0.00003141	0.00605056	0.00004726	0.00090730	0.00163157	0.00055034
A[C>G]T	0.00114020	0.00009120	0.01740696	0.00354971	0.01009798	0.00025414	0.00009566	0.00028492	0.00193016	0.00290955	0.00570977	0.00000000	0.00000000	0.00051631	0.00010658	0.00144019	0.00399982	0.00020409	0.00032507	0.01149643	0.00001960	0.00031898	0.00408268	0.00213896	0.00442202	0.00006190	0.00000000	0.00285105	0.00072810	0.00008329	0.00249036	0.00073087	0.00130057	0.00202915	0.00190953	0.01880391	0.00243902	0.04340564	0.01460194	0.00827076	0.00043109	0.00329083	0.01090069	0.00008088	0.00411591	0.01390169	0.00712364
A[C>T]A	0.02500444	0.00006110	0.01420568	0.00869928	0.03259348	0.06413514	0.00012208	0.00140963	0.00133011	0.00332949	0.00680972	0.00104008	0.00054899	0.00486707	0.00136790	0.00551072	0.00717968	0.01240544	0.00505108	0.00175945	0.00122015	0.00057096	0.00920605	0.02798638	0.04932257	0.00216990	0.02261415	0.01180434	0.00266036	0.00077691	0.00509075	0.10598120	0.00531232	0.00351852	0.00595853	0.00624130	0.00344862	0.00960125	0.01970262	0.00988091	0.02240487	0.08992278	0.04989811	0.01576341	0.02376637	0.00894101	0.00753036
A[C>T]C	0.00632112	0.00138004	0.01240496	0.00417965	0.01789642	0.02291255	0.01771149	0.03808996	0.00768065	0.00139979	0.00281989	0.00083406	0.00524993	0.00524944	0.00196342	0.00212028	0.00000000	0.01010443	0.00691148	0.00372884	0.00171022	0.00007030	0.00465306	0.01409314	0.01300595	0.00391982	0.08095066	0.01120412	0.00254034	0.00337959	0.00431063	0.09038397	0.00213093	0.00370844	0.00327919	0.00306064	0.00214914	0.00404053	0.01210161	0.00336031	0.03980865	0.01690428	0.01352182	0.00121493	0.01409754	0.00507121	0.01429010
A[C>T]G	0.36506477	0.00003270	0.00257103	0.00078294	0.00617876	0.12006579	0.00000000	0.00054286	0.00092708	0.00120981	0.00322987	0.00557043	0.00041399	0.01301999	0.00070293	0.00011802	0.00030299	0.02651163	0.07451595	0.00326899	0.00003950	0.00028698	0.01220802	0.00154925	0.01330609	0.00739965	0.00872546	0.00051419	0.00533072	0.00704915	0.02010295	0.01439745	0.00716313	0.00011795	0.00706825	0.00633132	0.00517792	0.00600078	0.00026704	0.00343031	0.00044010	0.01430362	0.00610563	0.00222754	0.00978578	0.01763774	0.02309937
A[C>T]T	0.00958170	0.00186005	0.01210484	0.00424965	0.02199560	0.02131168	0.00742482	0.01079715	0.00748063	0.03289495	0.01249950	0.00299023	0.00792989	0.00615621	0.00250772	0.00238031	0.00031799	0.01610707	0.00178038	0.00599814	0.00073709	0.00014699	0.00797524	0.03678210	0.01300595	0.00004170	0.03502192	0.00915337	0.00279038	0.00505939	0.00183027	0.02929480	0.00307134	0.00386837	0.00430894	0.00565118	0.00243902	0.01280166	0.01690225	0.00635058	0.03520765	0.03030768	0.02963653	0.00232619	0.01645207	0.00650902	0.01651000
A[T>A]A	0.00080014	0.00009590	0.00549220	0.00941922	0.00737852	0.00009825	0.00194126	0.00248934	0.01240104	0.00008889	0.01949921	0.00005070	0.00181997	0.00402006	0.00190397	0.00517068	0.00000000	0.00061327	0.00204044	0.02309283	0.00101013	0.00006260	0.00249164	0.00078562	0.00051123	0.00345984	0.00000000	0.00158058	0.00152021	0.00017198	0.00061909	0.00036294	0.00086838	0.10295665	0.00243940	0.00225047	0.00198920	0.00531069	0.00610081	0.00746068	0.01330289	0.00478121	0.01151626	0.00021526	0.01007203	0.01041353	0.01052483
A[T>A]C	0.00223040	0.00087803	0.00721289	0.00352971	0.00692861	0.00054630	0.00067044	0.00046688	0.00342029	0.00107983	0.02129914	0.00019402	0.00033700	0.01364236	0.00318663	0.00271036	0.00006520	0.00037216	0.00084118	0.00773760	0.00099713	0.00028898	0.00087858	0.00025488	0.00519238	0.00564973	0.00000000	0.00225083	0.00352048	0.00047794	0.00200029	0.00039293	0.00114050	0.04438131	0.00142965	0.00166035	0.00193922	0.00288037	0.00444059	0.00430039	0.00401087	0.00260066	0.00306767	0.00016924	0.00358815	0.00578887	0.00560862
A[T>A]G	0.00114020	0.00002550	0.00964386	0.01239897	0.00911818	0.00000000	0.00058738	0.00155959	0.00021102	0.00369943	0.02279908	0.00000000	0.00002340	0.00123009	0.00066045	0.00312041	0.00058997	0.00035416	0.00054012	0.00880727	0.00020003	0.00006570	0.00260171	0.00095154	0.00030314	0.00024799	0.00035422	0.00200074	0.00062508	0.00015198	0.00248036	0.00063789	0.00069630	0.03458544	0.00252938	0.00249052	0.00107957	0.00694090	0.00693092	0.00303028	0.00501109	0.00000108	0.01067057	0.00016020	0.00701173	0.00531745	0.00402893
A[T>A]T	0.00018303	0.00000000	0.00611244	0.00420965	0.00619876	0.00166091	0.00371241	0.00828782	0.05070426	0.04109369	0.02499899	0.00666052	0.00284996	0.07177673	0.02216379	0.00282037	0.00060597	0.00185081	0.00954204	0.01099659	0.00146018	0.00063296	0.00784515	0.00065368	0.02561172	0.00159992	0.00016110	0.00180066	0.00307041	0.00169979	0.00196029	0.00048991	0.00507222	0.31586700	0.00306924	0.00277058	0.00271891	0.00612080	0.01070142	0.06960638	0.00685149	0.03080780	0.00444849	0.00037386	0.00918124	0.01327636	0.01591026
A[T>C]A	0.00109019	0.00006170	0.01650660	0.00794934	0.04619076	0.00221121	0.00049032	0.00101973	0.00028802	0.00435933	0.00976961	0.00074506	0.00934987	0.01822254	0.00521479	0.07360964	0.00190992	0.01260553	0.00389083	0.24192493	0.00009651	0.00009729	0.00202133	0.00258874	0.01070490	0.01669922	0.00088655	0.00640236	0.08481146	0.00054893	0.00196029	0.00061089	0.01250546	0.00461806	0.00524870	0.07331525	0.00278888	0.01120146	0.01870249	0.01440132	0.01160252	0.01930489	0.01578230	0.00029984	0.08918805	0.03444440	0.01363395
A[T>C]C	0.00304054	0.00002150	0.00776311	0.00071494	0.01339732	0.00113062	0.00022715	0.00045588	0.00053304	0.00392940	0.00500980	0.00362028	0.00050999	0.00907955	0.00322796	0.04030528	0.00014199	0.00630277	0.00196042	0.01289600	0.01270160	0.00025198	0.00209137	0.00059371	0.00455208	0.00999953	0.00017811	0.00218080	0.02610353	0.00044095	0.00229034	0.00045792	0.00375164	0.00122948	0.00168958	0.03840799	0.00163934	0.00564073	0.00734098	0.00579053	0.00351076	0.00324082	0.00345340	0.00014883	0.00463736	0.00329174	0.00515384
A[T>C]G	0.00010602	0.00001320	0.01230492	0.00499959	0.03819236	0.00424232	0.00018712	0.00149960	0.00107009	0.00918859	0.00697972	0.00214017	0.00053099	0.01694303	0.00855587	0.07050924	0.00042798	0.01240544	0.00024005	0.06388018	0.00037605	0.00000000	0.00208137	0.00230888	0.01860852	0.00387982	0.00047029	0.00176065	0.07851061	0.00040495	0.00275040	0.00027695	0.07343209	0.00001949	0.00383905	0.01680350	0.00216913	0.00964125	0.01550206	0.00804074	0.00856186	0.02720689	0.01469039	0.00061060	0.04011199	0.00629281	0.00282878
A[T>C]T	0.00574102	0.00015500	0.01730692	0.00155987	0.03829234	0.00050228	0.00061540	0.00214943	0.00265022	0.05099217	0.01489940	0.00336026	0.00015000	0.01277899	0.00568142	0.06380836	0.00095896	0.00597262	0.00092920	0.13595781	0.00779098	0.00054396	0.00424279	0.00173915	0.00010305	0.02559880	0.00026116	0.00244090	0.03720503	0.00059493	0.00115017	0.00054490	0.00921403	0.00233902	0.00511874	0.04800999	0.00348860	0.01360177	0.01940258	0.01770162	0.00270059	0.00026707	0.01181209	0.00023521	0.02956694	0.01067666	0.02293768
A[T>G]A	0.00017203	0.00023801	0.00395158	0.00104991	0.00385923	0.00002571	0.00047331	0.00008438	0.01190100	0.00369943	0.00163993	0.00192015	0.00003470	0.00251924	0.00693223	0.00201026	0.00006140	0.00021209	0.00046810	0.01119653	0.00085111	0.00140990	0.00072147	0.00232887	0.00001050	0.00039198	0.00000000	0.00321118	0.00292039	0.00986881	0.00040706	0.00003899	0.00097943	0.00281881	0.00108973	0.02170451	0.00114954	0.00388050	0.00723096	0.00753069	0.00120026	0.00000002	0.00523782	0.00238815	0.00206966	0.02548372	0.00371963
A[T>G]C	0.00020704	0.00007460	0.00260104	0.00015899	0.00259948	0.00020411	0.00024716	0.00093175	0.00105009	0.00265959	0.00066797	0.00124010	0.00005330	0.00097887	0.00061364	0.00066409	0.00000000	0.00297130	0.00041509	0.00440863	0.00070009	0.00447969	0.00085856	0.00188908	0.00002131	0.00043698	0.00000000	0.00140052	0.00253034	0.01729791	0.00081712	0.00010998	0.00030213	0.00046181	0.00062285	0.01060221	0.00106957	0.00297039	0.00705094	0.00164015	0.00040509	0.00003261	0.00130024	0.00013159	0.00035897	0.00239302	0.00091738
A[T>G]G	0.00026805	0.00000205	0.00630252	0.00141988	0.00793841	0.00010706	0.00027618	0.00146961	0.00060405	0.01059837	0.00476981	0.00032002	0.00052299	0.00103877	0.00093971	0.00080811	0.00008250	0.00070931	0.00018504	0.00461857	0.00071909	0.00098993	0.00199131	0.00176914	0.00002691	0.00018699	0.00000000	0.00206076	0.00229031	0.00767907	0.00042006	0.00040993	0.00047521	0.00019692	0.00093577	0.01680350	0.00206917	0.00766100	0.00806107	0.00270025	0.00063714	0.00000747	0.00511041	0.00122050	0.00123837	0.00513872	0.00207711
A[T>G]T	0.00011202	0.00000376	0.00397159	0.00021598	0.00482903	0.00038621	0.00030920	0.00073281	0.00000000	0.01429781	0.00073997	0.00922072	0.00000000	0.01305586	0.00485571	0.00128017	0.00031999	0.01110487	0.00363078	0.00795753	0.01250158	0.06909526	0.00184121	0.00161921	0.00005823	0.00006950	0.00000000	0.00471173	0.00593080	0.11498609	0.00081012	0.00079386	0.00075833	0.00114952	0.00098376	0.02470514	0.00285885	0.00642083	0.01800239	0.00761070	0.00091120	0.00142036	0.00399422	0.00021395	0.00354120	0.00796300	0.00228965
C[C>A]A	0.00031206	0.00020801	0.02250900	0.08069330	0.00742851	0.00182100	0.00045530	0.00113970	0.00010901	0.01449777	0.04009838	0.00318025	0.00052099	0.01743293	0.01000368	0.00542071	0.00139994	0.01630715	0.04180895	0.01039677	0.00029504	0.00027098	0.07404865	0.00131936	0.03761721	0.00000000	0.00015109	0.02540935	0.00141019	0.00202975	0.05420794	0.00076786	0.00270118	0.00194918	0.05578622	0.00322067	0.38084728	0.01010131	0.02080277	0.00238022	0.01160252	0.00002841	0.02467147	0.00819113	0.01855035	0.00649849	0.07992551
C[C>A]C	0.00179032	0.00009530	0.02531012	0.07969339	0.00613877	0.00409224	0.00024016	0.00154959	0.00309026	0.00321951	0.03879843	0.00020202	0.00317996	0.00967042	0.01484868	0.00428056	0.00096796	0.01970865	0.00505108	0.00902720	0.00116015	0.00004110	0.01961289	0.00076663	0.09894528	0.00259988	0.00063039	0.03491285	0.00151020	0.00010899	0.03690541	0.00038793	0.00191084	0.00003668	0.02019501	0.00081417	0.06947214	0.00906118	0.01470196	0.00091908	0.03280713	0.03030768	0.01451446	0.00457950	0.01395552	0.00479573	0.07599413
C[C>A]G	0.00009322	0.00000000	0.00251100	0.02449797	0.00345931	0.00165090	0.00000000	0.00040789	0.00191016	0.00008509	0.00340986	0.00004640	0.00008380	0.00240461	0.00101961	0.00117015	0.00000433	0.00138061	0.00006621	0.00173946	0.00000000	0.00000000	0.01200789	0.00023589	0.00743340	0.00197991	0.00013008	0.01600589	0.00036205	0.00000000	0.01480217	0.00040693	0.00037116	0.00029787	0.00709825	0.00074716	0.05097956	0.00574075	0.00254034	0.00026102	0.00188041	0.00374095	0.00328988	0.00232635	0.00528203	0.00150826	0.00622497
C[C>A]T	0.00000000	0.00042101	0.01540616	0.06899427	0.00648870	0.00960526	0.00037224	0.00148961	0.01350113	0.00011698	0.03299867	0.01730134	0.00832988	0.04488739	0.01854997	0.00110014	0.00000000	0.26011412	0.02870615	0.00248923	0.00013702	0.00018199	0.03632386	0.00003438	0.25211537	0.01909910	0.00058036	0.01710630	0.00714096	0.00020298	0.05190761	0.00029695	0.00253111	0.00061974	0.06048506	0.00177037	0.18392625	0.00603078	0.01470196	0.00265024	0.02110459	0.08672196	0.01673370	0.00323963	0.01254310	0.01006216	0.03990405
C[C>G]A	0.00002410	0.00000000	0.01930772	0.00782935	0.00695861	0.00004112	0.00000000	0.00045788	0.00020602	0.00131980	0.00499980	0.00004570	0.00002990	0.00011020	0.00008174	0.00134018	0.00560975	0.00008554	0.00008362	0.00354890	0.00055307	0.00019399	0.00061340	0.00176914	0.00007694	0.00001970	0.00017411	0.00261096	0.00036405	0.00001440	0.00329048	0.00126977	0.00150066	0.00011895	0.00123969	0.00044209	0.00168932	0.02880374	0.00756101	0.00208019	0.00426093	0.00005361	0.01542543	0.00006639	0.00240959	0.00337806	0.00919576
C[C>G]C	0.00007681	0.00035101	0.01410564	0.00686943	0.00906819	0.00003722	0.00013109	0.00095975	0.00226019	0.00028596	0.00545978	0.00000000	0.00000000	0.00020758	0.00012485	0.00089112	0.00064797	0.00007863	0.00001700	0.00453859	0.00023503	0.00004660	0.00226149	0.00180912	0.00000438	0.00027299	0.00025516	0.00522192	0.00032204	0.00007549	0.00634093	0.00079286	0.00041018	0.00011795	0.00136966	0.00031307	0.00125949	0.03770490	0.00935124	0.00120011	0.00662144	0.00002491	0.01061850	0.00020206	0.00396222	0.00320841	0.01507477
C[C>G]G	0.00035206	0.00004870	0.00150060	0.00339972	0.00248950	0.00008435	0.00007755	0.00079079	0.00026202	0.00131980	0.00001050	0.00002010	0.00000000	0.00018022	0.00002903	0.00017302	0.00048798	0.00001911	0.00005021	0.00145955	0.00023203	0.00000000	0.00358235	0.00004808	0.00018809	0.00001010	0.00000000	0.00094535	0.00004171	0.00000000	0.00130019	0.00011998	0.00031814	0.00018992	0.00041890	0.00032107	0.00095662	0.01230160	0.00168022	0.00041104	0.00047010	0.00000000	0.00416984	0.00005342	0.00160101	0.00077564	0.00184268
C[C>G]T	0.00000000	0.00006360	0.02230892	0.00681943	0.00952809	0.00001441	0.00009566	0.00088977	0.00424036	0.00000000	0.00548978	0.00003010	0.00000000	0.00023827	0.00023081	0.00156020	0.00639972	0.00017808	0.00008452	0.00961702	0.00003900	0.00019299	0.00379249	0.00321843	0.00001010	0.00017299	0.00022714	0.00471173	0.00062508	0.00000000	0.00669098	0.00101982	0.00066229	0.00007357	0.00208948	0.00058112	0.00126949	0.04020523	0.01390185	0.00503046	0.00684149	0.00008642	0.01583362	0.00010065	0.00536600	0.00605185	0.00855144
C[C>T]A	0.00200035	0.00432012	0.01610644	0.01269895	0.01939612	0.01360746	0.05003247	0.10697181	0.00271023	0.03559454	0.00266989	0.00003680	0.00015100	0.00376117	0.00090769	0.00659086	0.00001930	0.00273120	0.01080231	0.00716778	0.00082110	0.00045697	0.01170769	0.11894211	0.01060485	0.00134994	0.06223895	0.00538198	0.00169023	0.00029196	0.00761112	0.10998049	0.00459201	0.00474800	0.00674833	0.00361075	0.00423830	0.00911118	0.01960261	0.00691063	0.01870407	0.00357090	0.00944421	0.03661409	0.03660735	0.00870142	0.01365747
C[C>T]C	0.00027005	0.00017000	0.02020808	0.01149905	0.01899620	0.01480811	0.05533591	0.18195205	0.00597050	0.00259960	0.00401984	0.00000000	0.00008440	0.00664382	0.00220280	0.00025403	0.00134994	0.00138061	0.01110238	0.00283912	0.00172022	0.00005890	0.00676444	0.09195525	0.01300595	0.00515976	0.18911835	0.00885326	0.00283038	0.00020997	0.00164024	0.10298173	0.00153067	0.00051378	0.00667835	0.00210044	0.00472810	0.00386050	0.01730230	0.00185017	0.04811046	0.00286072	0.01155898	0.00027078	0.03476131	0.00399148	0.01794584
C[C>T]G	0.19603478	0.00277008	0.00224090	0.00330973	0.01749650	0.12206689	0.00671436	0.02209418	0.00894075	0.00263959	0.00148994	0.00000000	0.00369995	0.00947159	0.00059195	0.00004091	0.00198991	0.01160509	0.02480531	0.00069079	0.00190024	0.00054296	0.01681104	0.01569236	0.01650755	0.00621971	0.01420889	0.00635234	0.00334045	0.00254969	0.01530224	0.01679702	0.00588257	0.00944602	0.00532868	0.00327068	0.00349860	0.00757098	0.00236031	0.01010093	0.00192042	0.01550393	0.00233382	0.00127657	0.01082396	0.00724525	0.01882523
C[C>T]T	0.00019603	0.00145004	0.02300920	0.01599867	0.02309538	0.01380757	0.05663675	0.12596680	0.02060173	0.00013798	0.01449941	0.00010301	0.00059499	0.00983726	0.00254108	0.00338044	0.00144994	0.00136060	0.01560334	0.01929401	0.00174022	0.00013599	0.00665437	0.25787449	0.01170536	0.00032498	0.15609769	0.00429158	0.00165022	0.00331960	0.00067310	0.04619181	0.00270118	0.00003529	0.00574858	0.00606126	0.00409836	0.00699091	0.02160287	0.00773071	0.03290715	0.00504128	0.01288627	0.00122198	0.04532348	0.00690585	0.02504819
C[T>A]A	0.00004301	0.00024301	0.00794318	0.01439880	0.00353929	0.00006664	0.00017711	0.00111970	0.00347029	0.00160975	0.01899923	0.00000000	0.00007090	0.00067318	0.00121612	0.00054607	0.00020899	0.00015507	0.00034807	0.00320900	0.00043405	0.00009359	0.00054236	0.00009595	0.00014407	0.00000619	0.00046229	0.00132049	0.00094413	0.00013998	0.00195029	0.00021396	0.00074633	0.02369002	0.00125969	0.00157033	0.00089664	0.00494064	0.00109014	0.00362033	0.01260274	0.00001240	0.03155286	0.00031727	0.00704592	0.01063306	0.01193263
C[T>A]C	0.00039307	0.00024401	0.01780712	0.01219899	0.00518896	0.00055130	0.00026117	0.00095775	0.01340113	0.00008129	0.02919882	0.00000000	0.00010600	0.00279160	0.00061498	0.00560073	0.00034198	0.00295129	0.00024405	0.00569823	0.04050511	0.00223985	0.00306201	0.00040280	0.00648297	0.00068797	0.00000000	0.00187069	0.00145020	0.00134984	0.00141021	0.00077686	0.00099243	0.00040883	0.00145964	0.00116024	0.00201919	0.00644084	0.00762101	0.00319029	0.00172037	0.00325082	0.01770976	0.00014191	0.00393189	0.00851737	0.00878804
C[T>A]G	0.00032406	0.00014900	0.01320528	0.03249730	0.00500900	0.00011506	0.00011207	0.00088277	0.00096108	0.00119982	0.02759889	0.00000000	0.00000000	0.00090019	0.00100382	0.00141018	0.00022599	0.00031714	0.00008202	0.00102968	0.01240157	0.00071695	0.00321211	0.00029386	0.00012306	0.00012499	0.00013208	0.00503185	0.00114015	0.00080590	0.00198029	0.00058690	0.00047921	0.00116951	0.00213947	0.00160033	0.00177929	0.00680088	0.00346046	0.00312029	0.01490324	0.00058215	0.03687459	0.00024624	0.01024476	0.00750424	0.00773464
C[T>A]T	0.00026005	0.00000000	0.01270508	0.01179902	0.00429914	0.00017910	0.00037124	0.00011197	0.04870409	0.00114982	0.04179831	0.00037603	0.00023400	0.00335317	0.00210910	0.00150020	0.00052298	0.00138061	0.00105022	0.00652797	0.07230913	0.00778947	0.00226149	0.00021789	0.00010205	0.00000000	0.00037523	0.00480177	0.00064209	0.00102988	0.00198029	0.00061189	0.00112049	0.00026789	0.00195952	0.00206043	0.00235905	0.00827108	0.00928123	0.00901083	0.00757165	0.00001380	0.01994768	0.00046032	0.00644868	0.02458841	0.01444058
C[T>C]A	0.00000000	0.00030201	0.00883353	0.00517957	0.01329734	0.00166091	0.00045129	0.00152960	0.00757064	0.01019843	0.00238990	0.00012201	0.00131998	0.01197149	0.00259926	0.04540595	0.00004740	0.00316139	0.00075016	0.01069668	0.01110140	0.00064696	0.00038625	0.00045178	0.01170536	0.01149946	0.00000000	0.00227084	0.05200703	0.00131984	0.00118017	0.00126977	0.01510660	0.00059375	0.00149963	0.05001040	0.00194922	0.00734095	0.01090145	0.01030094	0.00354077	0.01460370	0.00488962	0.00015463	0.03076459	0.02955883	0.00629483
C[T>C]C	0.00250044	0.00002850	0.01450580	0.00235980	0.01039792	0.00103056	0.00025917	0.00083978	0.00358030	0.00008889	0.00699972	0.00004120	0.00012400	0.00978329	0.00226580	0.04970651	0.00012199	0.00534234	0.00215046	0.00316902	0.17302185	0.00645956	0.00246162	0.00008136	0.00483221	0.00281987	0.00000000	0.00224082	0.03120422	0.00261968	0.00184027	0.00137976	0.03011316	0.00004038	0.00187954	0.02180454	0.00231907	0.00791103	0.00987131	0.00525048	0.00313068	0.00320081	0.00421592	0.00014608	0.00401078	0.00835611	0.01492647
C[T>C]G	0.00036006	0.00000000	0.01010404	0.00549954	0.02079584	0.00532292	0.00010407	0.00072981	0.00217018	0.00093486	0.00125995	0.00105008	0.00002530	0.01462779	0.00331749	0.03740490	0.00000000	0.00447196	0.00139030	0.00960702	0.08731102	0.00391973	0.00162107	0.00049776	0.02611195	0.01439932	0.00038924	0.00422155	0.07871063	0.00248970	0.00391057	0.00126977	0.04001749	0.00081066	0.00184954	0.00995207	0.00253898	0.00777101	0.01050140	0.00557051	0.00356077	0.03380856	0.00809755	0.00015046	0.01412281	0.00237812	0.00704415
C[T>C]T	0.00004261	0.00018601	0.01580632	0.00255979	0.01489702	0.00127070	0.00182118	0.00572849	0.04310362	0.03969391	0.00645974	0.00000244	0.00081499	0.01924899	0.00474693	0.04590601	0.00011200	0.00206090	0.00175037	0.01549519	0.42605379	0.01829875	0.00256168	0.00039081	0.00690316	0.02169898	0.00004713	0.00363134	0.05550750	0.00036696	0.00178026	0.00409927	0.00307134	0.00158933	0.00215947	0.05041049	0.00426829	0.00859112	0.01360181	0.00787072	0.00324070	0.00771195	0.00431373	0.00016344	0.01367035	0.01485832	0.01610636
C[T>G]A	0.00003551	0.00015300	0.00437175	0.00086993	0.00258948	0.00004953	0.00008425	0.00035891	0.00328028	0.00147977	0.00121995	0.00015501	0.00022700	0.01081415	0.00634235	0.00089312	0.00004140	0.00004852	0.00020604	0.00395877	0.00031004	0.00204986	0.00011107	0.00071365	0.00096344	0.00000435	0.00000000	0.00143053	0.00142019	0.01459823	0.00078111	0.00019796	0.00072832	0.00105955	0.00047788	0.00260054	0.00098261	0.00530069	0.00335045	0.00347032	0.00087019	0.00023406	0.00690302	0.00075822	0.00092840	0.00932069	0.00222808
C[T>G]C	0.00021204	0.00015500	0.00704282	0.00044096	0.00460908	0.00078443	0.00017211	0.00079179	0.00558047	0.00004979	0.00194992	0.00000000	0.00114998	0.00229700	0.00049486	0.00114015	0.00000282	0.00121053	0.00015703	0.00107966	0.00104013	0.03139785	0.00199131	0.00208898	0.00160073	0.00005440	0.00014809	0.00088032	0.00494067	0.02209733	0.00000569	0.00021496	0.00094941	0.00000000	0.00056586	0.00238050	0.00140943	0.00739096	0.00567075	0.00241022	0.00075316	0.00253064	0.00321982	0.00005881	0.00041878	0.00636670	0.00205256
C[T>G]G	0.00012802	0.00012100	0.01070428	0.00378969	0.00612877	0.00092451	0.00000000	0.00128966	0.00119010	0.00002580	0.00469981	0.00005350	0.00047899	0.00686483	0.00307679	0.00059308	0.00000000	0.00043519	0.00027206	0.00223931	0.00000194	0.01369906	0.00293193	0.00132935	0.00271124	0.00002010	0.00006524	0.00304112	0.00556075	0.01549812	0.00033205	0.00007849	0.00107047	0.00043582	0.00088678	0.00377078	0.00158936	0.00983128	0.00559074	0.00304028	0.00568124	0.00347088	0.00903011	0.00042886	0.00209052	0.00255246	0.00251354
C[T>G]T	0.00017103	0.00020301	0.00703281	0.00119990	0.00729854	0.00130071	0.00002652	0.00000368	0.00340029	0.00015598	0.00057398	0.00130010	0.00522993	0.03001246	0.00592492	0.00034405	0.00005550	0.00096242	0.00249053	0.00253921	0.00531067	0.54996228	0.00414272	0.00219893	0.00511234	0.00018499	0.00024715	0.00471173	0.00780105	0.10098778	0.00076711	0.00026495	0.00019208	0.00000065	0.00106974	0.00411086	0.00687724	0.00494064	0.01310174	0.01050096	0.00348076	0.00038410	0.00417984	0.00012227	0.00054519	0.03822029	0.00279693
G[C>A]A	0.00158028	0.00008620	0.00713285	0.03159738	0.01019796	0.00042723	0.00004063	0.00074580	0.00105009	0.00016797	0.02419902	0.00121009	0.00073099	0.00841771	0.00241907	0.00198026	0.00094896	0.00208091	0.00229049	0.00860733	0.00178022	0.00099793	0.10907166	0.00081360	0.01080494	0.00213990	0.00033721	0.06222290	0.00049607	0.00015598	0.09711423	0.00094283	0.00441193	0.00280882	0.06768328	0.00204042	0.01199519	0.00688089	0.01420189	0.00309028	0.00771168	0.00000000	0.00678199	0.00352466	0.00893931	0.00224221	0.01389265
G[C>A]C	0.00033906	0.00000000	0.01090436	0.03479711	0.00764847	0.00091350	0.00013809	0.00021494	0.00074206	0.00000000	0.02619894	0.00044103	0.00254996	0.00743436	0.02503973	0.00041705	0.00045098	0.02240983	0.00249053	0.00424868	0.00128016	0.00000278	0.01731137	0.00027187	0.00565259	0.00706967	0.00054134	0.12804712	0.00066609	0.00101988	0.09031323	0.00049391	0.00096842	0.00046780	0.01919526	0.00062913	0.00627748	0.00695090	0.01020136	0.00072307	0.02680583	0.00467118	0.00602571	0.00587029	0.00782492	0.00170025	0.03044996
G[C>A]G	0.00058710	0.00001390	0.00143057	0.01529873	0.00233953	0.00035720	0.00004253	0.00007288	0.00000000	0.00001820	0.00273989	0.00001050	0.00008520	0.00089221	0.00008733	0.00044706	0.00016399	0.00111049	0.00040409	0.00135958	0.00010601	0.00009239	0.00756497	0.00020490	0.00157072	0.00168992	0.00011907	0.06592426	0.00012902	0.00003950	0.02300337	0.00000000	0.00034215	0.00022690	0.00482881	0.00050611	0.00136945	0.00453059	0.00255034	0.00022002	0.00106023	0.00060515	0.00167994	0.00005905	0.00445574	0.00029568	0.00176450
G[C>A]T	0.00000000	0.00005120	0.01000400	0.02119824	0.00681864	0.00123067	0.00000000	0.00014696	0.00036303	0.00007399	0.02689891	0.01110086	0.00279996	0.01205754	0.00988934	0.00002750	0.00006150	0.12605531	0.01820390	0.00579820	0.00004701	0.00053396	0.06234096	0.00027287	0.00249114	0.00889958	0.00003092	0.05442003	0.00081711	0.00015798	0.08461240	0.00086185	0.00319139	0.00001349	0.06898296	0.00129027	0.00908636	0.00589077	0.01080144	0.00195018	0.01810394	0.01130286	0.00723721	0.00116702	0.00655609	0.00310058	0.01134423
G[C>G]A	0.00000959	0.00006540	0.01270508	0.00528956	0.00467906	0.00001941	0.00001961	0.00005109	0.00018202	0.00019597	0.00257990	0.00001500	0.00001720	0.00017011	0.00010430	0.00056407	0.00149993	0.00000000	0.00099421	0.00104967	0.00087811	0.00005990	0.00063542	0.00130936	0.00066931	0.00038798	0.00000000	0.00272100	0.00039505	0.00018298	0.00227033	0.00051491	0.00077134	0.00003339	0.00088578	0.00132027	0.00119952	0.02400312	0.00506067	0.00204019	0.00240052	0.00021906	0.00652199	0.00003757	0.00234881	0.00353212	0.00311401
G[C>G]C	0.00016403	0.00026101	0.00863345	0.00574952	0.00507898	0.00068538	0.00003322	0.00045188	0.00047304	0.00000000	0.00238990	0.00008311	0.00013600	0.00038835	0.00032515	0.00028904	0.00047898	0.00004332	0.00060813	0.00308904	0.00083511	0.00005550	0.00134088	0.00128937	0.00286131	0.00141993	0.00012708	0.00579213	0.00057908	0.00000000	0.00164024	0.00025595	0.00077634	0.00019292	0.00107973	0.00093820	0.00107957	0.02130277	0.00537071	0.00269025	0.00142031	0.00119030	0.00459041	0.00018938	0.00216132	0.00466474	0.00688704
G[C>G]G	0.00016603	0.00000000	0.00242097	0.00329973	0.00150970	0.00000000	0.00004513	0.00033691	0.00018002	0.00054492	0.00048798	0.00000000	0.00000000	0.00003285	0.00001910	0.00009541	0.00024099	0.00000000	0.00001010	0.00008127	0.00002370	0.00000000	0.00063942	0.00059671	0.00069232	0.00011699	0.00000000	0.00314116	0.00007381	0.00000000	0.00000688	0.00011698	0.00004662	0.00000000	0.00017196	0.00057712	0.00101959	0.00986128	0.00119016	0.00015601	0.00022305	0.00000000	0.00207992	0.00006390	0.00089337	0.00091111	0.00070412
G[C>G]T	0.00000000	0.00013400	0.01470588	0.00303975	0.00671866	0.00032118	0.00004203	0.00027693	0.00128011	0.00088186	0.00485980	0.00003540	0.00011300	0.00015468	0.00037006	0.00050407	0.00269988	0.00008034	0.00045110	0.00322900	0.00078710	0.00000000	0.00123081	0.00031984	0.00302138	0.00020699	0.00000000	0.00338124	0.00030504	0.00000000	0.00321047	0.00039893	0.00093141	0.00002689	0.00104974	0.00127026	0.00091663	0.03240421	0.00698093	0.00356033	0.00277060	0.00185047	0.00571657	0.00015790	0.00152748	0.00567374	0.00369182
G[C>T]A	0.00444079	0.00000000	0.01640656	0.00408966	0.01939612	0.09365132	0.00008496	0.00085477	0.00015701	0.00036494	0.00027599	0.00004220	0.00036299	0.00361387	0.00115448	0.00448059	0.00717968	0.01710751	0.07371578	0.00649798	0.00164021	0.00006110	0.00968636	0.06097033	0.04221932	0.00931956	0.05373363	0.02991101	0.00275037	0.00324961	0.01040152	0.04969118	0.00535234	0.00023290	0.00371908	0.00255053	0.00236905	0.00803104	0.01430190	0.00601055	0.03360731	0.09552419	0.00685369	0.01130725	0.01282583	0.00611425	0.00559136
G[C>T]C	0.00009282	0.00000013	0.01340536	0.00445963	0.02159568	0.11106086	0.01170760	0.02629307	0.00000951	0.00018097	0.00024499	0.01250097	0.01509979	0.00902991	0.00556685	0.00182024	0.00092096	0.00816358	0.12902762	0.00528836	0.00000000	0.00015699	0.00817537	0.03968069	0.05322436	0.01959908	0.15409643	0.04371609	0.00545074	0.00018798	0.00796117	0.06098918	0.00514225	0.00000000	0.00339916	0.00231048	0.00295881	0.00450059	0.01160154	0.00864079	0.15203305	0.08142062	0.00852926	0.00013145	0.01351091	0.00513215	0.01677294
G[C>T]G	0.21803869	0.00000000	0.00052821	0.00048196	0.01229754	0.17809759	0.00000552	0.00017595	0.00003430	0.00015698	0.00190992	0.01490116	0.01259982	0.00922420	0.00204662	0.00007461	0.00017799	0.00001921	0.27705932	0.00116964	0.00161020	0.00085494	0.01480973	0.00320844	0.02050939	0.00004340	0.01230770	0.02540935	0.00668090	0.00021497	0.01830268	0.00523907	0.00584255	0.01669297	0.00569859	0.00432090	0.00447820	0.00548071	0.00000000	0.01710157	0.00455099	0.04961257	0.00187993	0.00119186	0.00593888	0.00901406	0.01693301
G[C>T]T	0.00003841	0.00005040	0.01130452	0.00380968	0.01859628	0.07444079	0.01611045	0.00538858	0.00075806	0.04209354	0.00460981	0.01350105	0.03189955	0.01038312	0.00224814	0.00267035	0.00126994	0.01050461	0.07721653	0.00671792	0.00006601	0.00000000	0.00669440	0.10894698	0.03311515	0.00804962	0.10706700	0.02030747	0.00498067	0.00010199	0.00512075	0.01769686	0.00393172	0.00051678	0.00362910	0.00232048	0.00319872	0.00861112	0.01270169	0.00841077	0.08651881	0.06661687	0.00922585	0.00015044	0.01684613	0.00451193	0.00843809
G[T>A]A	0.00008121	0.00000000	0.00706283	0.00921923	0.00366927	0.00005103	0.00040126	0.00052586	0.00173015	0.00002370	0.01279948	0.00000331	0.00000000	0.00190232	0.00154637	0.00082611	0.00000670	0.00005773	0.00051111	0.00093971	0.00006461	0.00009729	0.00160105	0.00018891	0.00005563	0.00116995	0.00000000	0.00157058	0.00078311	0.00011599	0.00343050	0.00032894	0.00081035	0.01899200	0.00087978	0.00115024	0.00089264	0.00496064	0.00265035	0.00233021	0.01200261	0.00116029	0.00581045	0.00027373	0.00562396	0.00577854	0.00566956
G[T>A]C	0.00012902	0.00013100	0.00748299	0.00359970	0.00290942	0.00048927	0.00022415	0.00025593	0.00227019	0.00011198	0.01349945	0.00000000	0.00012300	0.00688939	0.00335296	0.00181024	0.00012999	0.00273120	0.00058913	0.00060781	0.00340043	0.00034698	0.00195128	0.00007776	0.00256117	0.00325985	0.00014009	0.00235087	0.00115016	0.00011799	0.00078912	0.00018197	0.00036216	0.00241898	0.00063084	0.00077416	0.00111955	0.00352046	0.00343046	0.00229021	0.00184040	0.00236060	0.00252120	0.00031825	0.00192496	0.00437304	0.00149114
G[T>A]G	0.00024604	0.00006380	0.01160464	0.01309891	0.00410918	0.00019511	0.00029019	0.00065583	0.00000000	0.00134979	0.01559937	0.00007301	0.00000000	0.00193028	0.00053959	0.00251033	0.00004700	0.00012005	0.00018704	0.00554828	0.00069509	0.00024098	0.00183120	0.00048576	0.00213098	0.00074197	0.00000000	0.00249092	0.00060808	0.00007169	0.00366054	0.00009858	0.00082736	0.00652725	0.00116971	0.00108022	0.00120951	0.00667087	0.00441059	0.00143013	0.00777169	0.00221056	0.00913242	0.00011903	0.00599620	0.00443842	0.00222596
G[T>A]T	0.00025805	0.00006280	0.01230492	0.00551954	0.00321936	0.00024814	0.00030620	0.00005589	0.02030171	0.00875866	0.02809886	0.00042603	0.00010800	0.01281500	0.00687478	0.00091512	0.00035798	0.00085738	0.00084018	0.00096570	0.00480061	0.00157989	0.00346227	0.00028286	0.00430197	0.00093696	0.00000000	0.00131048	0.00083411	0.00032396	0.00107016	0.00019097	0.00176077	0.00747685	0.00111972	0.00168035	0.00183926	0.00409053	0.00577077	0.00452041	0.00325071	0.00318081	0.00387490	0.00072798	0.00411785	0.00519663	0.00725628
G[T>C]A	0.00105019	0.00000000	0.00998399	0.00289976	0.01409718	0.00257141	0.00010107	0.00026593	0.00000000	0.00079988	0.00259989	0.00220017	0.01469979	0.01273936	0.00243165	0.07110932	0.00028699	0.01100483	0.01290276	0.00205936	0.00012302	0.00005950	0.00070847	0.00095354	0.00276126	0.22298953	0.00021814	0.00370136	0.08351128	0.00049094	0.00108016	0.00093483	0.01220533	0.00010895	0.00233942	0.03070639	0.00169932	0.00747097	0.00601080	0.00606056	0.00582127	0.02700684	0.00504981	0.00017141	0.02920934	0.01140084	0.00414472
G[T>C]C	0.00190034	0.00002740	0.00564226	0.00117990	0.00793841	0.00111061	0.00007415	0.00000000	0.00042304	0.00231964	0.00261989	0.00628049	0.00532993	0.00606970	0.00273774	0.03040398	0.00018199	0.00654287	0.01160248	0.00118963	0.01490188	0.00149990	0.00226149	0.00037082	0.00226103	0.06629689	0.00041826	0.00365134	0.02480335	0.00058693	0.00359053	0.00055490	0.00794347	0.00064573	0.00139965	0.01820379	0.00215913	0.00689090	0.00458061	0.00374034	0.00331072	0.00116029	0.00164487	0.00013545	0.00268576	0.00281096	0.00113867
G[T>C]G	0.00117021	0.00010700	0.01090436	0.00236980	0.01499700	0.00245134	0.00007255	0.00052886	0.00023202	0.00256961	0.00280989	0.00000000	0.00137998	0.01272993	0.00353348	0.04150544	0.00019499	0.01100483	0.00595127	0.00427867	0.00357045	0.00100993	0.00398262	0.00095254	0.00406186	0.11699451	0.00000000	0.00267098	0.07120962	0.00073091	0.00299044	0.00050091	0.20709050	0.00043981	0.00183955	0.00983205	0.00186925	0.00574075	0.00565075	0.00351032	0.00321070	0.01730438	0.00725972	0.00014483	0.00925981	0.00020727	0.00094758
G[T>C]T	0.00007131	0.00001250	0.01020408	0.00075494	0.01369726	0.00090650	0.00081153	0.00684820	0.00707059	0.31795119	0.00628975	0.00529041	0.01149984	0.01056995	0.00216681	0.04630607	0.00000000	0.01120492	0.00586125	0.00239926	0.00524066	0.00146990	0.00315207	0.00235885	0.00092842	0.13299376	0.00079950	0.00399147	0.05520746	0.00085090	0.00155023	0.00044492	0.00971425	0.00000000	0.00264935	0.04000832	0.00304878	0.00751098	0.00731097	0.00389036	0.00239052	0.01110281	0.00405927	0.00015253	0.01267295	0.00587891	0.01074567
G[T>G]A	0.00000000	0.00020901	0.00442177	0.00059795	0.00251950	0.00004352	0.00009066	0.00032291	0.00248021	0.00007479	0.00130995	0.00020402	0.00048099	0.00035506	0.00039307	0.00041205	0.00008770	0.00007793	0.00020304	0.00090172	0.00049506	0.00028098	0.00087057	0.00063569	0.00000000	0.00028599	0.00000000	0.00107039	0.00137019	0.00115986	0.00004491	0.00018797	0.00058125	0.00036485	0.00018495	0.01180245	0.00050380	0.00333043	0.00249033	0.00180016	0.00114025	0.00000000	0.01276122	0.00010075	0.00055049	0.00373979	0.00127893
G[T>G]C	0.00000000	0.00013300	0.00234094	0.00025298	0.00170966	0.00021312	0.00012108	0.00032092	0.00166014	0.00002230	0.00065597	0.00083306	0.00094199	0.00062031	0.00157296	0.00021303	0.00000000	0.00210092	0.00058012	0.00090072	0.00020403	0.00624957	0.00003702	0.00070266	0.00006653	0.00053297	0.00008695	0.00153056	0.00121016	0.00192977	0.00009171	0.00035294	0.00063728	0.00000000	0.00031292	0.00686143	0.00093862	0.00580075	0.00224030	0.00095009	0.00007052	0.00001830	0.00127016	0.00139143	0.00029423	0.00270422	0.00063293
G[T>G]G	0.00034806	0.00003710	0.01090436	0.00242980	0.00529894	0.00027415	0.00032521	0.00240937	0.00603051	0.00379942	0.00396984	0.00000000	0.00172998	0.00061425	0.00020006	0.00049606	0.00042598	0.00078134	0.00034707	0.00067479	0.00083511	0.00147990	0.00583383	0.00050975	0.00008704	0.00021299	0.00015710	0.00313115	0.00235032	0.00312962	0.00077011	0.00137976	0.00542237	0.00005648	0.00152962	0.00983205	0.00215913	0.00772100	0.00445059	0.00120011	0.00041009	0.00010303	0.04848288	0.00007333	0.00154435	0.00086599	0.00197442
G[T>G]T	0.00001460	0.00000000	0.00583233	0.00025198	0.00234953	0.00078743	0.00083554	0.00182952	0.00675057	0.00683895	0.00128995	0.00221017	0.00515993	0.00747367	0.00094784	0.00016502	0.00000289	0.00225099	0.00139030	0.00238926	0.00724091	0.11399218	0.00214141	0.00034083	0.00356163	0.00258988	0.00000000	0.00268099	0.00605082	0.02059751	0.00115017	0.00015997	0.00045120	0.00041682	0.00048888	0.01710356	0.00333866	0.00594077	0.00548073	0.00347032	0.00092020	0.00280071	0.00376986	0.00005394	0.00019960	0.00614793	0.00212150
T[C>A]A	0.00006581	0.00063902	0.00841337	0.03979670	0.00785843	0.00035620	0.00039025	0.00289924	0.00252021	0.01139825	0.02979880	0.09400730	0.00044599	0.06018580	0.25897176	0.00348046	0.07899652	0.00034715	0.01720368	0.01079665	0.00019002	0.00001240	0.07384852	0.00137933	0.00171078	0.00145993	0.00213133	0.02981097	0.00093813	0.01429827	0.04520662	0.00069588	0.01190520	0.00426820	0.14096518	0.00200042	0.01769291	0.00598078	0.02600346	0.00331030	0.00510111	0.00085322	0.01574002	0.33388376	0.01484858	0.00989066	0.02523942
T[C>A]C	0.00253045	0.00017000	0.01680672	0.04689611	0.00916817	0.00049827	0.00063641	0.00351907	0.01420119	0.00775881	0.02509899	0.00997077	0.00379995	0.00854316	0.01440676	0.00288038	0.02939871	0.02431067	0.00581124	0.00586818	0.00002590	0.00000000	0.04362866	0.00112945	0.00337154	0.00023599	0.00066442	0.05191911	0.00063009	0.00045195	0.04110602	0.00024296	0.00511223	0.00121949	0.07718094	0.00159033	0.01149539	0.00786102	0.02100279	0.00172016	0.05401174	0.00222056	0.01678477	0.04523857	0.01283178	0.00403742	0.02030370
T[C>A]G	0.00000000	0.00008530	0.00141056	0.01089910	0.00229954	0.00020011	0.00003442	0.00029992	0.00000000	0.00000000	0.00189992	0.00116009	0.00057299	0.00265737	0.00769778	0.00050507	0.01209947	0.00000708	0.00007692	0.00148954	0.00000000	0.00009509	0.01270835	0.00028486	0.00000000	0.00006830	0.00009126	0.00979360	0.00012302	0.00012898	0.01740255	0.00008259	0.00137060	0.00000000	0.01469637	0.00112023	0.00237905	0.00301039	0.00317042	0.00020702	0.00090420	0.00000032	0.00194993	0.31841755	0.00239317	0.00017470	0.00260767
T[C>A]T	0.00000588	0.00044001	0.00997399	0.04129657	0.01269746	0.00074741	0.00061340	0.00140963	0.00373031	0.00019097	0.03189871	0.67005203	0.08159886	0.18880397	0.34187645	0.00235031	0.03549844	0.15106628	0.00805172	0.00924713	0.00028804	0.00256982	0.12208021	0.00137933	0.00090441	0.00000000	0.00024015	0.02280839	0.00140019	0.00055693	0.04110602	0.00066488	0.01280560	0.00003199	0.20794864	0.00244051	0.02778886	0.00655085	0.02410321	0.00590054	0.02730594	0.01660421	0.01871393	0.07648925	0.01318626	0.00874881	0.00815283
T[C>G]A	0.00000000	0.00000000	0.01330532	0.00357970	0.00780844	0.00004973	0.00000000	0.00025393	0.00194016	0.00373943	0.00146994	0.00005550	0.00000000	0.00025875	0.00012091	0.00096913	0.31698604	0.00001971	0.00021405	0.00250922	0.00375047	0.00015999	0.00214141	0.00174915	0.00012906	0.00065397	0.00021113	0.00375138	0.00131018	0.00011499	0.00010702	0.00012698	0.01300568	0.00000062	0.00397902	0.00179037	0.00265893	0.03470451	0.01250166	0.01990182	0.00055912	0.00067317	0.02247165	0.00004878	0.01945116	0.01281070	0.00609267
T[C>G]C	0.00020304	0.00009870	0.02030812	0.00594951	0.00759848	0.00011306	0.00005093	0.00161957	0.00461039	0.00058791	0.00133995	0.00000000	0.00000000	0.00039568	0.00006543	0.00155020	0.06349720	0.00015007	0.00006121	0.00522838	0.00072309	0.00006180	0.00464305	0.00311848	0.00002821	0.00063097	0.00026617	0.00558205	0.00074510	0.00013598	0.00683100	0.00098583	0.00251110	0.00013994	0.00240940	0.00111023	0.00217913	0.03670477	0.01410188	0.01420130	0.00187041	0.00000940	0.01659105	0.00015338	0.00408750	0.00706231	0.00534883
T[C>G]G	0.00006941	0.00004120	0.00052021	0.00182985	0.00170966	0.00000195	0.00000635	0.00036390	0.00000875	0.00087287	0.00007820	0.00000000	0.00000000	0.00001039	0.00001957	0.00021403	0.01379939	0.00001831	0.00005841	0.00043886	0.00038005	0.00001550	0.00089959	0.00044079	0.00012406	0.00006270	0.00000000	0.00135050	0.00009411	0.00002460	0.00089713	0.00010598	0.00008044	0.00000000	0.00030193	0.00086018	0.00109956	0.00962125	0.00174023	0.00193018	0.00020705	0.00000000	0.00363986	0.00002579	0.00029840	0.00070017	0.00104269
T[C>G]T	0.00156028	0.00118003	0.02350940	0.00337972	0.01249750	0.00012807	0.00028118	0.00071381	0.01230103	0.00008529	0.00024899	0.00005450	0.00004340	0.00034715	0.00016873	0.00305040	0.36898375	0.00032114	0.00017404	0.02849116	0.00028304	0.00149990	0.00318209	0.00160922	0.00112051	0.00068697	0.00046629	0.00407150	0.00221030	0.00014298	0.00033605	0.00010898	0.02010879	0.00214910	0.00758813	0.00255053	0.00394842	0.05070659	0.02370315	0.04460409	0.00038108	0.00259066	0.02608008	0.00026723	0.02298928	0.02572712	0.01261071
T[C>T]A	0.00111020	0.53601548	0.00576230	0.00373969	0.02029594	0.01200658	0.23815455	0.00660826	0.01730145	0.00020697	0.00503980	0.00036603	0.00272996	0.00240343	0.00133202	0.00552072	0.00692969	0.00354155	0.02650567	0.00635803	0.00053207	0.00010799	0.01140749	0.04387864	0.00807369	0.00359983	0.01530958	0.00240088	0.00329044	0.00483941	0.00639094	0.09798262	0.01470643	0.00185922	0.01069736	0.00402084	0.00644741	0.00388050	0.03000399	0.01170107	0.00482105	0.00140035	0.00946964	0.03645440	0.01710459	0.00856419	0.00948204
T[C>T]C	0.00003731	0.09730281	0.01330532	0.00698942	0.02299540	0.01050576	0.33121494	0.21094441	0.01370115	0.00564913	0.00025199	0.00276021	0.04849932	0.00901811	0.00358401	0.00264035	0.00447980	0.00013706	0.00956205	0.00367886	0.00009061	0.00060396	0.01140749	0.02498784	0.00919421	0.00008070	0.04362730	0.01220449	0.00253034	0.00412950	0.00000000	0.13397623	0.00317139	0.00028888	0.00685831	0.00250052	0.00722710	0.00528069	0.02310307	0.00647059	0.03270711	0.00225057	0.01054409	0.00013389	0.01736940	0.00782670	0.01974636
T[C>T]G	0.11001952	0.04420128	0.00098940	0.00028098	0.01589682	0.05202851	0.07414812	0.05738488	0.00004640	0.00174973	0.00004170	0.00279022	0.43699388	0.00859142	0.00531416	0.00008851	0.00118995	0.00532234	0.02120454	0.00301906	0.00017702	0.00006240	0.01180776	0.00431790	0.00264121	0.00031699	0.00287180	0.00269099	0.00263036	0.00173979	0.01440211	0.01469739	0.00385168	0.00029987	0.00388904	0.00343071	0.00346861	0.00486063	0.00212028	0.00492045	0.00036408	0.00000000	0.00244070	0.00204750	0.00359965	0.00968007	0.00508554
T[C>T]T	0.00000000	0.30000866	0.00817327	0.00721940	0.02099580	0.00699383	0.10706948	0.10197313	0.00232019	0.04999233	0.00526979	0.02280177	0.12799821	0.01280128	0.00811322	0.00612080	0.00141994	0.00035916	0.00174037	0.02209314	0.00034804	0.00089494	0.00375247	0.06286940	0.00005002	0.00007310	0.02631647	0.00471173	0.00213029	0.00198976	0.00428063	0.05249069	0.00904395	0.00080766	0.00832794	0.00584121	0.00657736	0.00423055	0.02240298	0.01150105	0.01510328	0.00302077	0.00948224	0.00013978	0.02458275	0.01045212	0.01292710
T[T>A]A	0.00672119	0.00042201	0.00651261	0.00887926	0.00630874	0.00045425	0.00035623	0.00323915	0.01540129	0.01669744	0.01149954	0.00204016	0.00305996	0.00996265	0.00892579	0.00375049	0.00029599	0.00020009	0.00109023	0.01229618	0.00011902	0.00118992	0.01080710	0.00049376	0.01200549	0.00025699	0.00000000	0.00412152	0.00113015	0.00018798	0.00076411	0.00028195	0.00410179	0.27188552	0.00245939	0.00245051	0.00243902	0.00669087	0.00713095	0.08060738	0.00850185	0.00696176	0.00708973	0.00229358	0.00817815	0.02066380	0.01031047
T[T>A]C	0.00000000	0.00019201	0.01050420	0.00430964	0.00413917	0.00011406	0.00038925	0.00223941	0.03420287	0.00122981	0.01949921	0.00036003	0.00066499	0.00247466	0.00076137	0.00645085	0.00023199	0.00173076	0.00015703	0.00466855	0.00570072	0.00024198	0.00273179	0.00047477	0.00031815	0.00079496	0.00000000	0.00327120	0.00126017	0.00124985	0.00193028	0.00024096	0.00021709	0.00000000	0.00101975	0.00113024	0.00092763	0.00369048	0.01030137	0.01430131	0.00226049	0.00002071	0.00316471	0.00022418	0.00284712	0.01037081	0.00418389
T[T>A]G	0.00002800	0.00005010	0.00671269	0.00953921	0.00478904	0.00002952	0.00000000	0.00169955	0.01220103	0.00559914	0.01289948	0.00069305	0.00007060	0.00056580	0.00378194	0.00277036	0.00018799	0.00035716	0.00014903	0.00517839	0.00183023	0.00000000	0.00179118	0.00037282	0.00017608	0.00009850	0.00018512	0.00199073	0.00027804	0.00032096	0.00092414	0.00018997	0.00066029	0.00776673	0.00087178	0.00128027	0.00080368	0.00546071	0.00502067	0.00929085	0.00533116	0.00000502	0.01006262	0.00074177	0.00675146	0.01031664	0.00428279
T[T>A]T	0.00225040	0.00020501	0.01300520	0.00561953	0.00874825	0.00042623	0.00079852	0.00000000	0.27902345	0.02729581	0.03789847	0.00529041	0.00151998	0.00483127	0.00696981	0.00525069	0.00006200	0.00182080	0.00047510	0.00715778	0.00198025	0.00130991	0.00710467	0.00067267	0.00671307	0.00007640	0.00000000	0.00219081	0.00131018	0.00571931	0.00120018	0.00070088	0.00272119	0.04598064	0.00269933	0.00195041	0.00249900	0.01070139	0.02100279	0.05350490	0.00352077	0.01390352	0.00635055	0.00050838	0.00604418	0.03098678	0.01732277
T[T>C]A	0.00025505	0.00000000	0.01520608	0.00240980	0.01799640	0.00148081	0.00215140	0.00599842	0.03020254	0.08118754	0.00207992	0.00073006	0.00885988	0.01699877	0.00564833	0.08611128	0.00002210	0.00627275	0.00342073	0.01299597	0.00209026	0.00105993	0.00180118	0.00123940	0.01380632	0.08419605	0.00000000	0.00146054	0.04230572	0.00130984	0.00259038	0.00054390	0.01100481	0.00139941	0.00296927	0.04770992	0.00210915	0.00594077	0.01020136	0.06360583	0.00682148	0.01990504	0.00751701	0.00031874	0.03453614	0.09434242	0.00888350
T[T>C]C	0.00339060	0.00004350	0.00899360	0.00050296	0.00970806	0.00109060	0.00059639	0.00172954	0.02090176	0.01429781	0.00263989	0.00517040	0.00008100	0.01675970	0.00647906	0.04630607	0.00002490	0.00288126	0.00592127	0.00366886	0.01530193	0.00109992	0.00618406	0.00055273	0.01660760	0.05479743	0.00019012	0.00300110	0.03140424	0.00204975	0.00150022	0.00028595	0.01250546	0.00623737	0.00227944	0.04510938	0.00218912	0.00644084	0.00755100	0.02680246	0.00303066	0.01050266	0.00255684	0.00017792	0.00435020	0.01328955	0.00485704
T[T>C]G	0.00041607	0.00011700	0.00693277	0.00173986	0.01269746	0.00213117	0.00031921	0.00380900	0.01290108	0.02279650	0.00000000	0.00036303	0.00066799	0.01511532	0.00496823	0.04000524	0.00009980	0.00431189	0.00132028	0.00722776	0.00235030	0.00120992	0.00326214	0.00107947	0.01200549	0.02759870	0.00030219	0.00203075	0.03030409	0.00140983	0.00037906	0.00020296	0.32013990	0.00109954	0.00137966	0.01000208	0.00191923	0.00498065	0.00601080	0.02050188	0.00341074	0.01910484	0.00869056	0.00015028	0.01293528	0.01095561	0.00210028
T[T>C]T	0.00433077	0.00003580	0.01390556	0.00063595	0.01849630	0.00174095	0.00081253	0.00296922	0.08810740	0.04309339	0.00456982	0.00325025	0.00002510	0.01992081	0.00755490	0.05970782	0.00053098	0.00292128	0.00135029	0.00838740	0.02100265	0.00099993	0.00337222	0.00146928	0.01930884	0.04069809	0.00000000	0.00367135	0.05740776	0.00205975	0.00082212	0.00044492	0.00912399	0.00707702	0.00279931	0.06141277	0.00305877	0.00948123	0.01020136	0.04610422	0.00236051	0.03710940	0.00678974	0.00127376	0.01428691	0.01408009	0.01676596
T[T>G]A	0.00000000	0.00001670	0.00725290	0.00037697	0.00521896	0.00010506	0.00012808	0.00095475	0.01930162	0.00021097	0.00000000	0.00269021	0.01129984	0.00873077	0.01989764	0.00163021	0.00018399	0.00009924	0.00023105	0.00977697	0.00000000	0.00001220	0.00069646	0.00165919	0.00000000	0.00046498	0.00018612	0.00012305	0.00143019	0.04229488	0.00046707	0.00011798	0.00046820	0.00000000	0.00078781	0.01830381	0.00116953	0.00839109	0.00846113	0.04190384	0.00115025	0.00000000	0.00686551	0.00595468	0.00220843	0.05367355	0.00407181
T[T>G]C	0.00005511	0.00007040	0.00628251	0.00017399	0.00655869	0.00028716	0.00011608	0.00154959	0.01740146	0.00011498	0.00113995	0.00000000	0.00554992	0.00095216	0.00073832	0.00113015	0.00000000	0.00120053	0.00029406	0.00550829	0.00011601	0.00874940	0.00210138	0.00201902	0.00000000	0.00037898	0.00000000	0.00264097	0.00172023	0.03569568	0.00009931	0.00009638	0.00016407	0.00000000	0.00074382	0.01950406	0.00090264	0.00508066	0.01140152	0.01550142	0.00027406	0.00000000	0.00292901	0.00014344	0.00030058	0.01327602	0.00123543
T[T>G]G	0.00058310	0.00009540	0.00805322	0.00231981	0.00693861	0.00032418	0.00000000	0.00134964	0.00764064	0.00012498	0.00308988	0.00002160	0.00275996	0.00110836	0.00314796	0.00087511	0.00003670	0.00011405	0.00014803	0.00523837	0.00092012	0.00477967	0.00145095	0.00206899	0.00279128	0.00013099	0.00018211	0.00304112	0.00284038	0.01399831	0.00018003	0.00081286	0.00095942	0.00151936	0.00090178	0.03020628	0.00189924	0.00728095	0.00866115	0.01940178	0.00293064	0.00091723	0.00503727	0.00062825	0.00174284	0.01270522	0.00304847
T[T>G]T	0.00000000	0.00000000	0.01050420	0.00056795	0.01349730	0.00101055	0.00008295	0.00176953	0.02170182	0.00016597	0.00099596	0.01890147	0.09089873	0.02511471	0.01452821	0.00221029	0.00001890	0.00060527	0.00599128	0.01579510	0.00458058	0.12199163	0.00516339	0.00422794	0.00151069	0.00000000	0.00000000	0.00396146	0.00945128	0.47894205	0.00092814	0.00888842	0.00225098	0.00023190	0.00180955	0.02910605	0.00528788	0.01090142	0.02500333	0.08790805	0.00174038	0.00900228	0.00568978	0.00100868	0.00179435	0.05495359	0.00333337
