"MutationType"	"diff_Actinopteri__Ts.only"	"diff_Amphibia__Ts.only"	"diff_Aves__Ts.only"	"diff_Lepidosauria__Ts.only"	"diff_Mammalia__Ts.only"	"diff_Actinopteri__Ts...Tv"	"diff_Amphibia__Ts...Tv"	"diff_Aves__Ts...Tv"	"diff_Lepidosauria__Ts...Tv"	"diff_Mammalia__Ts...Tv"	"high_Actinopteri__Ts.only"	"high_Amphibia__Ts.only"	"high_Aves__Ts.only"	"high_Lepidosauria__Ts.only"	"high_Mammalia__Ts.only"	"high_Actinopteri__Ts...Tv"	"high_Amphibia__Ts...Tv"	"high_Aves__Ts...Tv"	"high_Lepidosauria__Ts...Tv"	"high_Mammalia__Ts...Tv"	"low_Actinopteri__Ts.only"	"low_Amphibia__Ts.only"	"low_Aves__Ts.only"	"low_Lepidosauria__Ts.only"	"low_Mammalia__Ts.only"	"low_Actinopteri__Ts...Tv"	"low_Amphibia__Ts...Tv"	"low_Aves__Ts...Tv"	"low_Lepidosauria__Ts...Tv"	"low_Mammalia__Ts...Tv"
"A[C>A]A"	0	0	0	0	0	0	0	0	0	0	0	0	0	0	0	0	0	0	0	0	0	0	0	0	0	0	0	0	0	0
"A[C>A]C"	0	0	0	0	0	1	0	0	2	1	0	0	0	0	0	1	0	0	2	1	0	0	0	0	0	1	0	0	2	1
"A[C>A]G"	0	0	0	0	0	0	0	0	0	0	0	0	0	0	0	0	0	0	0	0	0	0	0	0	0	0	0	0	0	0
"A[C>A]T"	0	0	0	0	0	0	0	0	0	0	0	0	0	0	0	0	0	0	0	0	0	0	0	0	0	0	0	0	0	0
"A[C>G]A"	0	0	0	0	0	3	4	1	1	2	0	0	0	0	0	3	4	1	1	2	0	0	0	0	0	3	4	1	1	2
"A[C>G]C"	0	0	0	0	0	2	1	3	1	2	0	0	0	0	0	2	1	3	1	2	0	0	0	0	0	2	1	3	1	2
"A[C>G]G"	0	0	0	0	0	1	0	0	1	0	0	0	0	0	0	1	0	0	1	0	0	0	0	0	0	1	0	0	1	0
"A[C>G]T"	0	0	0	0	0	0	0	0	0	0	0	0	0	0	0	0	0	0	0	0	0	0	0	0	0	0	0	0	0	0
"A[C>T]A"	49	56	63	58	44	49	56	63	58	44	71	94	80	79	73	71	94	80	79	73	22	39	16	21	30	22	39	16	21	30
"A[C>T]C"	45	21	23	64	44	45	21	23	64	44	55	35	34	75	63	55	35	34	75	63	10	14	11	11	18	10	14	11	11	18
"A[C>T]G"	8	7	4	6	5	8	7	4	6	5	9	10	7	9	7	9	10	7	9	7	2	4	3	3	3	2	4	3	3	3
"A[C>T]T"	53	55	32	72	37	53	55	32	72	37	65	74	42	84	54	65	74	42	84	54	11	19	10	12	17	11	19	10	12	17
"A[T>A]A"	0	0	0	0	0	1	1	0	1	1	0	0	0	0	0	1	1	0	1	1	0	0	0	0	0	1	1	0	1	1
"A[T>A]C"	0	0	0	0	0	1	0	0	0	0	0	0	0	0	0	1	0	0	0	0	0	0	0	0	0	1	0	0	0	0
"A[T>A]G"	0	0	0	0	0	0	2	0	1	1	0	0	0	0	0	0	2	0	1	1	0	0	0	0	0	0	2	0	1	1
"A[T>A]T"	0	0	0	0	0	0	0	0	0	0	0	0	0	0	0	0	0	0	0	0	0	0	0	0	0	0	0	0	0	0
"A[T>C]A"	8	14	44	18	30	8	14	44	18	30	30	28	58	30	40	30	28	58	30	40	22	14	14	12	10	22	14	14	12	10
"A[T>C]C"	9	3	35	20	25	9	3	35	20	25	34	25	52	40	44	34	25	52	40	44	25	22	16	20	19	25	22	16	20	19
"A[T>C]G"	5	3	31	14	24	5	3	31	14	24	20	14	41	21	31	20	14	41	21	31	15	11	10	7	7	15	11	10	7	7
"A[T>C]T"	0	5	59	0	30	0	5	59	0	30	33	38	79	37	53	33	38	79	37	53	35	33	20	51	24	35	33	20	51	24
"A[T>G]A"	0	0	0	0	0	1	1	1	1	1	0	0	0	0	0	1	1	1	1	1	0	0	0	0	0	1	1	1	1	1
"A[T>G]C"	0	0	0	0	0	2	1	1	1	0	0	0	0	0	0	2	1	1	1	0	0	0	0	0	0	2	1	1	1	0
"A[T>G]G"	0	0	0	0	0	1	1	2	2	1	0	0	0	0	0	1	1	2	2	1	0	0	0	0	0	1	1	2	2	1
"A[T>G]T"	0	0	0	0	0	0	0	0	0	0	0	0	0	0	0	0	0	0	0	0	0	0	0	0	0	0	0	0	0	0
"C[C>A]A"	0	0	0	0	0	3	3	2	8	3	0	0	0	0	0	3	3	2	8	3	0	0	0	0	0	3	3	2	8	3
"C[C>A]C"	0	0	0	0	0	2	6	1	2	2	0	0	0	0	0	2	6	1	2	2	0	0	0	0	0	2	6	1	2	2
"C[C>A]G"	0	0	0	0	0	0	1	0	1	1	0	0	0	0	0	0	1	0	1	1	0	0	0	0	0	0	1	0	1	1
"C[C>A]T"	0	0	0	0	0	1	3	2	3	2	0	0	0	0	0	1	3	2	3	2	0	0	0	0	0	1	3	2	3	2
"C[C>G]A"	0	0	0	0	0	2	4	1	2	1	0	0	0	0	0	2	4	1	2	1	0	0	0	0	0	2	4	1	2	1
"C[C>G]C"	0	0	0	0	0	2	1	2	2	1	0	0	0	0	0	2	1	2	2	1	0	0	0	0	0	2	1	2	2	1
"C[C>G]G"	0	0	0	0	0	1	0	0	0	0	0	0	0	0	0	1	0	0	0	0	0	0	0	0	0	1	0	0	0	0
"C[C>G]T"	0	0	0	0	0	1	0	0	0	0	0	0	0	0	0	1	0	0	0	0	0	0	0	0	0	1	0	0	0	0
"C[C>T]A"	35	11	23	58	39	35	11	23	58	39	54	44	44	76	64	54	44	44	76	64	19	33	21	18	25	19	33	21	18	25
"C[C>T]C"	65	45	64	67	65	65	45	64	67	65	73	56	75	77	79	73	56	75	77	79	7	11	11	10	14	7	11	11	10	14
"C[C>T]G"	9	8	7	8	6	9	8	7	8	6	11	11	10	10	9	11	11	10	10	9	2	2	3	2	3	2	2	3	2	3
"C[C>T]T"	22	4	2	45	5	22	4	2	45	5	31	17	13	55	17	31	17	13	55	17	8	13	11	10	12	8	13	11	10	12
"C[T>A]A"	0	0	0	0	0	1	1	2	1	1	0	0	0	0	0	1	1	2	1	1	0	0	0	0	0	1	1	2	1	1
"C[T>A]C"	0	0	0	0	0	2	1	2	1	2	0	0	0	0	0	2	1	2	1	2	0	0	0	0	0	2	1	2	1	2
"C[T>A]G"	0	0	0	0	0	1	1	0	2	2	0	0	0	0	0	1	1	0	2	2	0	0	0	0	0	1	1	0	2	2
"C[T>A]T"	0	0	0	0	0	1	1	0	1	1	0	0	0	0	0	1	1	0	1	1	0	0	0	0	0	1	1	0	1	1
"C[T>C]A"	2	6	24	10	21	2	6	24	10	21	19	19	31	19	28	19	19	31	19	28	17	13	7	8	6	17	13	7	8	6
"C[T>C]C"	0	0	41	9	22	0	0	41	9	22	30	31	56	37	39	30	31	56	37	39	31	32	15	29	17	31	32	15	29	17
"C[T>C]G"	4	4	49	19	28	4	4	49	19	28	20	15	57	25	35	20	15	57	25	35	17	11	8	6	7	17	11	8	6	7
"C[T>C]T"	6	10	47	15	27	6	10	47	15	27	24	17	54	26	38	24	17	54	26	38	18	7	6	11	11	18	7	6	11	11
"C[T>G]A"	0	0	0	0	0	1	1	0	1	0	0	0	0	0	0	1	1	0	1	0	0	0	0	0	0	1	1	0	1	0
"C[T>G]C"	0	0	0	0	0	2	1	1	1	1	0	0	0	0	0	2	1	1	1	1	0	0	0	0	0	2	1	1	1	1
"C[T>G]G"	0	0	0	0	0	3	3	1	3	1	0	0	0	0	0	3	3	1	3	1	0	0	0	0	0	3	3	1	3	1
"C[T>G]T"	0	0	0	0	0	1	1	0	0	0	0	0	0	0	0	1	1	0	0	0	0	0	0	0	0	1	1	0	0	0
"G[C>A]A"	0	0	0	0	0	3	1	1	3	1	0	0	0	0	0	3	1	1	3	1	0	0	0	0	0	3	1	1	3	1
"G[C>A]C"	0	0	0	0	0	1	1	0	2	2	0	0	0	0	0	1	1	0	2	2	0	0	0	0	0	1	1	0	2	2
"G[C>A]G"	0	0	0	0	0	0	1	1	1	0	0	0	0	0	0	0	1	1	1	0	0	0	0	0	0	0	1	1	1	0
"G[C>A]T"	0	0	0	0	0	2	2	1	3	1	0	0	0	0	0	2	2	1	3	1	0	0	0	0	0	2	2	1	3	1
"G[C>G]A"	0	0	0	0	0	2	1	4	2	4	0	0	0	0	0	2	1	4	2	4	0	0	0	0	0	2	1	4	2	4
"G[C>G]C"	0	0	0	0	0	5	1	1	1	1	0	0	0	0	0	5	1	1	1	1	0	0	0	0	0	5	1	1	1	1
"G[C>G]G"	0	0	0	0	0	1	1	0	0	0	0	0	0	0	0	1	1	0	0	0	0	0	0	0	0	1	1	0	0	0
"G[C>G]T"	0	0	0	0	0	2	0	0	1	1	0	0	0	0	0	2	0	0	1	1	0	0	0	0	0	2	0	0	1	1
"G[C>T]A"	34	32	36	44	35	34	32	36	44	35	47	46	45	57	51	47	46	45	57	51	13	14	10	14	17	13	14	10	14	17
"G[C>T]C"	51	43	31	24	31	51	43	31	24	31	56	55	41	31	42	56	55	41	31	42	6	12	9	7	11	6	12	9	7	11
"G[C>T]G"	9	3	0	4	2	9	3	0	4	2	10	7	6	7	5	10	7	6	7	5	2	4	5	3	3	2	4	5	3	3
"G[C>T]T"	20	25	50	34	26	20	25	50	34	26	27	36	60	44	38	27	36	60	44	38	8	12	11	10	11	8	12	11	10	11
"G[T>A]A"	0	0	0	0	0	3	4	1	1	3	0	0	0	0	0	3	4	1	1	3	0	0	0	0	0	3	4	1	1	3
"G[T>A]C"	0	0	0	0	0	1	1	3	2	2	0	0	0	0	0	1	1	3	2	2	0	0	0	0	0	1	1	3	2	2
"G[T>A]G"	0	0	0	0	0	2	4	1	2	2	0	0	0	0	0	2	4	1	2	2	0	0	0	0	0	2	4	1	2	2
"G[T>A]T"	0	0	0	0	0	1	0	0	1	2	0	0	0	0	0	1	0	0	1	2	0	0	0	0	0	1	0	0	1	2
"G[T>C]A"	3	10	0	12	17	3	10	0	12	17	18	18	12	20	25	18	18	12	20	25	15	8	12	7	8	15	8	12	7	8
"G[T>C]C"	0	1	27	8	17	0	1	27	8	17	15	14	36	21	29	15	14	36	21	29	16	13	9	13	12	16	13	9	13	12
"G[T>C]G"	0	19	40	32	18	0	19	40	32	18	16	29	50	42	25	16	29	50	42	25	19	10	10	9	8	19	10	10	9	8
"G[T>C]T"	6	18	18	23	21	6	18	18	23	21	25	26	29	31	32	25	26	29	31	32	18	9	12	8	11	18	9	12	8	11
"G[T>G]A"	0	0	0	0	0	2	1	1	1	1	0	0	0	0	0	2	1	1	1	1	0	0	0	0	0	2	1	1	1	1
"G[T>G]C"	0	0	0	0	0	1	0	2	1	1	0	0	0	0	0	1	0	2	1	1	0	0	0	0	0	1	0	2	1	1
"G[T>G]G"	0	0	0	0	0	4	5	1	4	2	0	0	0	0	0	4	5	1	4	2	0	0	0	0	0	4	5	1	4	2
"G[T>G]T"	0	0	0	0	0	1	0	0	1	1	0	0	0	0	0	1	0	0	1	1	0	0	0	0	0	1	0	0	1	1
"T[C>A]A"	0	0	0	0	0	4	9	2	3	5	0	0	0	0	0	4	9	2	3	5	0	0	0	0	0	4	9	2	3	5
"T[C>A]C"	0	0	0	0	0	3	4	3	3	4	0	0	0	0	0	3	4	3	3	4	0	0	0	0	0	3	4	3	3	4
"T[C>A]G"	0	0	0	0	0	1	1	0	1	1	0	0	0	0	0	1	1	0	1	1	0	0	0	0	0	1	1	0	1	1
"T[C>A]T"	0	0	0	0	0	5	6	5	7	7	0	0	0	0	0	5	6	5	7	7	0	0	0	0	0	5	6	5	7	7
"T[C>G]A"	0	0	0	0	0	4	0	2	2	2	0	0	0	0	0	4	0	2	2	2	0	0	0	0	0	4	0	2	2	2
"T[C>G]C"	0	0	0	0	0	3	0	1	0	2	0	0	0	0	0	3	0	1	0	2	0	0	0	0	0	3	0	1	0	2
"T[C>G]G"	0	0	0	0	0	1	0	1	0	0	0	0	0	0	0	1	0	1	0	0	0	0	0	0	0	1	0	1	0	0
"T[C>G]T"	0	0	0	0	0	1	0	0	0	1	0	0	0	0	0	1	0	0	0	1	0	0	0	0	0	1	0	0	0	1
"T[C>T]A"	33	32	52	31	6	33	32	52	31	6	61	77	67	53	36	61	77	67	53	36	29	44	14	22	30	29	44	14	22	30
"T[C>T]C"	32	48	27	16	43	32	48	27	16	43	46	71	41	29	61	46	71	41	29	61	13	23	13	13	18	13	23	13	13	18
"T[C>T]G"	4	2	2	5	2	4	2	2	5	2	7	6	5	7	5	7	6	5	7	5	3	4	2	2	3	3	4	2	2	3
"T[C>T]T"	39	42	33	30	36	39	42	33	30	36	56	65	43	43	55	56	65	43	43	55	18	23	10	14	18	18	23	10	14	18
"T[T>A]A"	0	0	0	0	0	5	5	2	4	4	0	0	0	0	0	5	5	2	4	4	0	0	0	0	0	5	5	2	4	4
"T[T>A]C"	0	0	0	0	0	2	2	1	1	2	0	0	0	0	0	2	2	1	1	2	0	0	0	0	0	2	2	1	1	2
"T[T>A]G"	0	0	0	0	0	2	3	1	2	3	0	0	0	0	0	2	3	1	2	3	0	0	0	0	0	2	3	1	2	3
"T[T>A]T"	0	0	0	0	0	2	1	0	2	2	0	0	0	0	0	2	1	0	2	2	0	0	0	0	0	2	1	0	2	2
"T[T>C]A"	3	10	35	15	23	3	10	35	15	23	22	26	43	21	33	22	26	43	21	33	18	16	8	6	10	18	16	8	6	10
"T[T>C]C"	7	13	46	16	25	7	13	46	16	25	24	23	55	27	38	24	23	55	27	38	17	10	9	11	12	17	10	9	11	12
"T[T>C]G"	0	5	40	11	19	0	5	40	11	19	15	17	47	16	24	15	17	47	16	24	16	12	6	5	6	16	12	6	5	6
"T[T>C]T"	0	12	46	22	28	0	12	46	22	28	23	26	58	30	40	23	26	58	30	40	24	15	13	8	12	24	15	13	8	12
"T[T>G]A"	0	0	0	0	0	1	0	2	1	1	0	0	0	0	0	1	0	2	1	1	0	0	0	0	0	1	0	2	1	1
"T[T>G]C"	0	0	0	0	0	1	0	0	1	1	0	0	0	0	0	1	0	0	1	1	0	0	0	0	0	1	0	0	1	1
"T[T>G]G"	0	0	0	0	0	2	3	0	2	3	0	0	0	0	0	2	3	0	2	3	0	0	0	0	0	2	3	0	2	3
"T[T>G]T"	0	0	0	0	0	0	0	0	0	0	0	0	0	0	0	0	0	0	0	0	0	0	0	0	0	0	0	0	0	0
