MutationType	Actinopteri__Ts only	Amphibia__Ts only	Aves__Ts only	Lepidosauria__Ts only	Mammalia__Ts only	Actinopteri__Ts & Tv	Amphibia__Ts & Tv	Aves__Ts & Tv	Lepidosauria__Ts & Tv	Mammalia__Ts & Tv
A[C>A]A	0	0	0	0	0	0	0	0	0	0
A[C>A]C	0	0	0	0	0	1	0	0	2	1
A[C>A]G	0	0	0	0	0	0	0	0	0	0
A[C>A]T	0	0	0	0	0	0	0	0	0	0
A[C>G]A	0	0	0	0	0	3	4	1	1	2
A[C>G]C	0	0	0	0	0	2	1	3	1	2
A[C>G]G	0	0	0	0	0	1	0	0	1	0
A[C>G]T	0	0	0	0	0	0	0	0	0	0
A[C>T]A	71	94	80	79	73	71	94	80	79	73
A[C>T]C	55	35	34	75	63	55	35	34	75	63
A[C>T]G	9	10	7	9	7	9	10	7	9	7
A[C>T]T	65	74	42	84	54	65	74	42	84	54
A[T>A]A	0	0	0	0	0	1	1	0	1	1
A[T>A]C	0	0	0	0	0	1	0	0	0	0
A[T>A]G	0	0	0	0	0	0	2	0	1	1
A[T>A]T	0	0	0	0	0	0	0	0	0	0
A[T>C]A	30	28	58	30	40	30	28	58	30	40
A[T>C]C	34	25	52	40	44	34	25	52	40	44
A[T>C]G	20	14	41	21	31	20	14	41	21	31
A[T>C]T	33	38	79	37	53	33	38	79	37	53
A[T>G]A	0	0	0	0	0	1	1	1	1	1
A[T>G]C	0	0	0	0	0	2	1	1	1	0
A[T>G]G	0	0	0	0	0	1	1	2	2	1
A[T>G]T	0	0	0	0	0	0	0	0	0	0
C[C>A]A	0	0	0	0	0	3	3	2	8	3
C[C>A]C	0	0	0	0	0	2	6	1	2	2
C[C>A]G	0	0	0	0	0	0	1	0	1	1
C[C>A]T	0	0	0	0	0	1	3	2	3	2
C[C>G]A	0	0	0	0	0	2	4	1	2	1
C[C>G]C	0	0	0	0	0	2	1	2	2	1
C[C>G]G	0	0	0	0	0	1	0	0	0	0
C[C>G]T	0	0	0	0	0	1	0	0	0	0
C[C>T]A	54	44	44	76	64	54	44	44	76	64
C[C>T]C	73	56	75	77	79	73	56	75	77	79
C[C>T]G	11	11	10	10	9	11	11	10	10	9
C[C>T]T	31	17	13	55	17	31	17	13	55	17
C[T>A]A	0	0	0	0	0	1	1	2	1	1
C[T>A]C	0	0	0	0	0	2	1	2	1	2
C[T>A]G	0	0	0	0	0	1	1	0	2	2
C[T>A]T	0	0	0	0	0	1	1	0	1	1
C[T>C]A	19	19	31	19	28	19	19	31	19	28
C[T>C]C	30	31	56	37	39	30	31	56	37	39
C[T>C]G	20	15	57	25	35	20	15	57	25	35
C[T>C]T	24	17	54	26	38	24	17	54	26	38
C[T>G]A	0	0	0	0	0	1	1	0	1	0
C[T>G]C	0	0	0	0	0	2	1	1	1	1
C[T>G]G	0	0	0	0	0	3	3	1	3	1
C[T>G]T	0	0	0	0	0	1	1	0	0	0
G[C>A]A	0	0	0	0	0	3	1	1	3	1
G[C>A]C	0	0	0	0	0	1	1	0	2	2
G[C>A]G	0	0	0	0	0	0	1	1	1	0
G[C>A]T	0	0	0	0	0	2	2	1	3	1
G[C>G]A	0	0	0	0	0	2	1	4	2	4
G[C>G]C	0	0	0	0	0	5	1	1	1	1
G[C>G]G	0	0	0	0	0	1	1	0	0	0
G[C>G]T	0	0	0	0	0	2	0	0	1	1
G[C>T]A	47	46	45	57	51	47	46	45	57	51
G[C>T]C	56	55	41	31	42	56	55	41	31	42
G[C>T]G	10	7	6	7	5	10	7	6	7	5
G[C>T]T	27	36	60	44	38	27	36	60	44	38
G[T>A]A	0	0	0	0	0	3	4	1	1	3
G[T>A]C	0	0	0	0	0	1	1	3	2	2
G[T>A]G	0	0	0	0	0	2	4	1	2	2
G[T>A]T	0	0	0	0	0	1	0	0	1	2
G[T>C]A	18	18	12	20	25	18	18	12	20	25
G[T>C]C	15	14	36	21	29	15	14	36	21	29
G[T>C]G	16	29	50	42	25	16	29	50	42	25
G[T>C]T	25	26	29	31	32	25	26	29	31	32
G[T>G]A	0	0	0	0	0	2	1	1	1	1
G[T>G]C	0	0	0	0	0	1	0	2	1	1
G[T>G]G	0	0	0	0	0	4	5	1	4	2
G[T>G]T	0	0	0	0	0	1	0	0	1	1
T[C>A]A	0	0	0	0	0	4	9	2	3	5
T[C>A]C	0	0	0	0	0	3	4	3	3	4
T[C>A]G	0	0	0	0	0	1	1	0	1	1
T[C>A]T	0	0	0	0	0	5	6	5	7	7
T[C>G]A	0	0	0	0	0	4	0	2	2	2
T[C>G]C	0	0	0	0	0	3	0	1	0	2
T[C>G]G	0	0	0	0	0	1	0	1	0	0
T[C>G]T	0	0	0	0	0	1	0	0	0	1
T[C>T]A	61	77	67	53	36	61	77	67	53	36
T[C>T]C	46	71	41	29	61	46	71	41	29	61
T[C>T]G	7	6	5	7	5	7	6	5	7	5
T[C>T]T	56	65	43	43	55	56	65	43	43	55
T[T>A]A	0	0	0	0	0	5	5	2	4	4
T[T>A]C	0	0	0	0	0	2	2	1	1	2
T[T>A]G	0	0	0	0	0	2	3	1	2	3
T[T>A]T	0	0	0	0	0	2	1	0	2	2
T[T>C]A	22	26	43	21	33	22	26	43	21	33
T[T>C]C	24	23	55	27	38	24	23	55	27	38
T[T>C]G	15	17	47	16	24	15	17	47	16	24
T[T>C]T	23	26	58	30	40	23	26	58	30	40
T[T>G]A	0	0	0	0	0	1	0	2	1	1
T[T>G]C	0	0	0	0	0	1	0	0	1	1
T[T>G]G	0	0	0	0	0	2	3	0	2	3
T[T>G]T	0	0	0	0	0	0	0	0	0	0
