MutationType	Actinopteri__Ts only	Amphibia__Ts only	Aves__Ts only	Lepidosauria__Ts only	Mammalia__Ts only	Actinopteri__Ts & Tv	Amphibia__Ts & Tv	Aves__Ts & Tv	Lepidosauria__Ts & Tv	Mammalia__Ts & Tv
A[C>A]A	0	0	0	0	0	0	0	0	0	0
A[C>A]C	0	0	0	0	0	1	0	0	2	1
A[C>A]G	0	0	0	0	0	0	0	0	0	0
A[C>A]T	0	0	0	0	0	0	0	0	0	0
A[C>G]A	0	0	0	0	0	3	4	1	1	2
A[C>G]C	0	0	0	0	0	2	1	3	1	2
A[C>G]G	0	0	0	0	0	1	0	0	1	0
A[C>G]T	0	0	0	0	0	0	0	0	0	0
A[C>T]A	22	39	16	21	30	22	39	16	21	30
A[C>T]C	10	14	11	11	18	10	14	11	11	18
A[C>T]G	2	4	3	3	3	2	4	3	3	3
A[C>T]T	11	19	10	12	17	11	19	10	12	17
A[T>A]A	0	0	0	0	0	1	1	0	1	1
A[T>A]C	0	0	0	0	0	1	0	0	0	0
A[T>A]G	0	0	0	0	0	0	2	0	1	1
A[T>A]T	0	0	0	0	0	0	0	0	0	0
A[T>C]A	22	14	14	12	10	22	14	14	12	10
A[T>C]C	25	22	16	20	19	25	22	16	20	19
A[T>C]G	15	11	10	7	7	15	11	10	7	7
A[T>C]T	35	33	20	51	24	35	33	20	51	24
A[T>G]A	0	0	0	0	0	1	1	1	1	1
A[T>G]C	0	0	0	0	0	2	1	1	1	0
A[T>G]G	0	0	0	0	0	1	1	2	2	1
A[T>G]T	0	0	0	0	0	0	0	0	0	0
C[C>A]A	0	0	0	0	0	3	3	2	8	3
C[C>A]C	0	0	0	0	0	2	6	1	2	2
C[C>A]G	0	0	0	0	0	0	1	0	1	1
C[C>A]T	0	0	0	0	0	1	3	2	3	2
C[C>G]A	0	0	0	0	0	2	4	1	2	1
C[C>G]C	0	0	0	0	0	2	1	2	2	1
C[C>G]G	0	0	0	0	0	1	0	0	0	0
C[C>G]T	0	0	0	0	0	1	0	0	0	0
C[C>T]A	19	33	21	18	25	19	33	21	18	25
C[C>T]C	7	11	11	10	14	7	11	11	10	14
C[C>T]G	2	2	3	2	3	2	2	3	2	3
C[C>T]T	8	13	11	10	12	8	13	11	10	12
C[T>A]A	0	0	0	0	0	1	1	2	1	1
C[T>A]C	0	0	0	0	0	2	1	2	1	2
C[T>A]G	0	0	0	0	0	1	1	0	2	2
C[T>A]T	0	0	0	0	0	1	1	0	1	1
C[T>C]A	17	13	7	8	6	17	13	7	8	6
C[T>C]C	31	32	15	29	17	31	32	15	29	17
C[T>C]G	17	11	8	6	7	17	11	8	6	7
C[T>C]T	18	7	6	11	11	18	7	6	11	11
C[T>G]A	0	0	0	0	0	1	1	0	1	0
C[T>G]C	0	0	0	0	0	2	1	1	1	1
C[T>G]G	0	0	0	0	0	3	3	1	3	1
C[T>G]T	0	0	0	0	0	1	1	0	0	0
G[C>A]A	0	0	0	0	0	3	1	1	3	1
G[C>A]C	0	0	0	0	0	1	1	0	2	2
G[C>A]G	0	0	0	0	0	0	1	1	1	0
G[C>A]T	0	0	0	0	0	2	2	1	3	1
G[C>G]A	0	0	0	0	0	2	1	4	2	4
G[C>G]C	0	0	0	0	0	5	1	1	1	1
G[C>G]G	0	0	0	0	0	1	1	0	0	0
G[C>G]T	0	0	0	0	0	2	0	0	1	1
G[C>T]A	13	14	10	14	17	13	14	10	14	17
G[C>T]C	6	12	9	7	11	6	12	9	7	11
G[C>T]G	2	4	5	3	3	2	4	5	3	3
G[C>T]T	8	12	11	10	11	8	12	11	10	11
G[T>A]A	0	0	0	0	0	3	4	1	1	3
G[T>A]C	0	0	0	0	0	1	1	3	2	2
G[T>A]G	0	0	0	0	0	2	4	1	2	2
G[T>A]T	0	0	0	0	0	1	0	0	1	2
G[T>C]A	15	8	12	7	8	15	8	12	7	8
G[T>C]C	16	13	9	13	12	16	13	9	13	12
G[T>C]G	19	10	10	9	8	19	10	10	9	8
G[T>C]T	18	9	12	8	11	18	9	12	8	11
G[T>G]A	0	0	0	0	0	2	1	1	1	1
G[T>G]C	0	0	0	0	0	1	0	2	1	1
G[T>G]G	0	0	0	0	0	4	5	1	4	2
G[T>G]T	0	0	0	0	0	1	0	0	1	1
T[C>A]A	0	0	0	0	0	4	9	2	3	5
T[C>A]C	0	0	0	0	0	3	4	3	3	4
T[C>A]G	0	0	0	0	0	1	1	0	1	1
T[C>A]T	0	0	0	0	0	5	6	5	7	7
T[C>G]A	0	0	0	0	0	4	0	2	2	2
T[C>G]C	0	0	0	0	0	3	0	1	0	2
T[C>G]G	0	0	0	0	0	1	0	1	0	0
T[C>G]T	0	0	0	0	0	1	0	0	0	1
T[C>T]A	29	44	14	22	30	29	44	14	22	30
T[C>T]C	13	23	13	13	18	13	23	13	13	18
T[C>T]G	3	4	2	2	3	3	4	2	2	3
T[C>T]T	18	23	10	14	18	18	23	10	14	18
T[T>A]A	0	0	0	0	0	5	5	2	4	4
T[T>A]C	0	0	0	0	0	2	2	1	1	2
T[T>A]G	0	0	0	0	0	2	3	1	2	3
T[T>A]T	0	0	0	0	0	2	1	0	2	2
T[T>C]A	18	16	8	6	10	18	16	8	6	10
T[T>C]C	17	10	9	11	12	17	10	9	11	12
T[T>C]G	16	12	6	5	6	16	12	6	5	6
T[T>C]T	24	15	13	8	12	24	15	13	8	12
T[T>G]A	0	0	0	0	0	1	0	2	1	1
T[T>G]C	0	0	0	0	0	1	0	0	1	1
T[T>G]G	0	0	0	0	0	2	3	0	2	3
T[T>G]T	0	0	0	0	0	0	0	0	0	0
